CacheRefs;CacheMisses;Energy(J);time(s)
47656867;8393071;76.47;6.76430976
24883052;5710774;73.15;6.73969649
21754148;5877121;75.43;6.703501142
24023366;5631949;75.54;6.780574313
25789426;5688452;76.82;6.752153243
28114440;5773397;67.54;7.104836016
24313306;5783411;59.71;7.359888412
28106547;5714814;60.89;7.316502776
23867197;5572753;61.48;7.337526981
23883391;5609661;61.88;7.36718331
25619440;5840458;60.59;7.226907649
28158558;5923354;61.23;7.245288965
28009135;5623981;61.98;7.378644069
27450094;5432803;61;7.262542185
28078496;5707964;62.33;7.399864018
27476702;5564680;61.4;7.274181462
26611013;5634474;68.1;8.087314331
28139734;5658838;60.87;7.205860206
24889645;5626147;60.75;7.222315159
23250695;5773762;61.21;7.239356835
25538434;5535716;61.44;7.268458706
27582823;5524121;61.82;7.314897441
26918607;5408658;60.93;7.241167685
27596381;5611538;61;7.221956369
25530910;5566209;61.05;7.255714657
25459715;5617340;64.43;7.655275047
26319489;5610795;60.81;7.228347704
25393848;5548047;60.79;7.230763423
24552867;5558806;61.57;7.296040324
23176265;5622747;61.71;7.334504292
25282533;5520552;60.53;7.217251703
29416875;5887487;61.78;7.301583436
26655620;5463363;61.11;7.238852273
23374006;5592764;61.42;7.29424815
21351320;5446743;60.72;7.215736482
24348336;5412239;61.74;7.308478362
26251386;5446286;61.76;7.314471348
27954415;5668213;63.25;7.5108765
26853509;5567388;60.7;7.231126614
23403050;5670684;61.52;7.294340606
25720750;5383861;61.02;7.260261563
24938305;5796694;61.58;7.302805917
27543522;5479686;61.3;7.289231711
26200575;5385626;60.73;7.223684177
24966241;5447893;61.99;7.348209544
24968208;5560457;61.05;7.256526631
33992934;6623676;68.58;8.160117155
26607303;5568648;61.39;7.271253388
25767905;5673394;61.61;7.320197107
22821039;5467715;61.47;7.28819333
23539080;5465192;61.92;7.34599149
27318139;5523102;61.14;7.246304316
26538556;5464566;62.06;7.374231045
22551732;5453301;61.26;7.284011061
26999189;5494064;60.59;7.217912705
24873131;5771775;61.5;7.272272079
23120669;5555994;61.34;7.284727818
26614242;5500062;61.26;7.268936258
21926686;5611074;60.88;7.237733332
25685786;5531094;63.22;7.491839289
27386670;5705484;60.64;7.242811118
25340349;5578535;61.2;7.259060077
27138671;5509193;60.66;7.250215267
25554218;5652972;60.87;7.236224205
26633183;5558149;60.65;7.226900133
25413749;5568664;61.26;7.284716934
27671411;5540458;61.3;7.269337739
24511824;5497090;61.28;7.261499189
25140851;5995530;68.3;8.135425592
28113893;6119588;61.38;7.267635601
28899060;5947500;61.74;7.323370581
29179031;6036678;61.29;7.27427728
26354169;5476466;61.83;7.33339848
26704338;5465602;60.85;7.258540412
27525679;5559275;61.68;7.297828884
26048588;5634519;61.36;7.278290555
25206793;5880552;60.97;7.279143419
24067597;5439309;61.81;7.314396061
28717751;6136654;61.39;7.286370243
25995703;5473743;61.39;7.286484276
24473123;5678847;61.34;7.277060838
25634089;5577023;61.48;7.297391481
29958155;6176710;62.17;7.383039524
27144353;5602917;61.47;7.291376152
23400196;5445189;61.47;7.308702619
21547192;5512681;61.33;7.29088422
24441849;5649587;63.23;7.524120464
22955770;5528504;61.11;7.244107831
24076269;5657214;61.06;7.242958021
25724929;5491888;61.41;7.301002728
25513912;5464855;61.21;7.282153225
28291558;5621105;62.12;7.362184547
26781869;5368732;62.65;7.425013662
27115126;5397785;60.77;7.24254918
26763477;5371418;61.14;7.249522209
27166772;5414347;60.75;7.248450578
27159104;5584896;60.89;7.251086699
26305476;5605403;60.97;7.265255074
25556209;5506972;61.09;7.239581323
26877068;5395789;63.12;7.534786383
