CacheRefs;CacheMisses;Energy(J);time(s)
67219415;7308449;10.47;3.961612634
38683120;3867933;9.52;3.93508131
7764162;2120216;8.99;3.989031511
7355106;1721314;9.03;4.019915838
6371225;1527305;8.84;3.947413546
7203194;1796994;9.2;4.102094052
6933442;1621984;9.7;4.338551553
7104928;1684828;8.87;3.946030567
6475392;1539370;8.92;3.982730542
6760429;1452923;8.85;3.944361995
6178729;1435196;8.81;3.93428796
6832827;1580195;8.84;3.94250171
6415792;1518430;8.82;3.935803323
6550298;1564978;8.81;3.930127664
6319070;1501220;8.83;3.939574354
6165548;1430796;8.86;3.956538457
7280943;1604651;8.91;3.955444686
6491548;1427369;8.82;3.929736185
7654093;1688046;8.85;3.93960232
6116732;1380986;8.83;3.942937094
6765920;1791372;8.96;3.935756521
6561023;1556398;8.85;3.95447107
6318008;1390714;9.57;4.275609603
6400176;1510127;8.89;3.97554539
6170302;1423047;8.87;3.959461437
6238426;1465413;8.94;3.988219626
6314626;1419231;8.87;3.95768033
6146398;1418661;8.82;3.937174727
6282482;1479841;8.89;3.965077729
6145201;1378875;8.86;3.957071893
7457384;1510069;8.84;3.933331346
9048091;1699813;9.12;4.037008812
6132993;1400662;8.95;3.998137232
6495123;1570981;8.83;3.941289198
6225457;1493528;8.82;3.938791466
6329445;1558611;8.86;3.952225542
6756814;1489316;8.81;3.92319197
6249688;1497112;8.84;3.949354317
6340337;1462713;8.98;4.007357997
6237256;1485980;9.47;4.232013449
6208557;1453245;8.84;3.947174515
6749393;1646263;8.83;3.939712562
6308343;1527674;8.84;3.942722682
6259313;1477964;8.81;3.934931121
6195667;1483886;8.81;3.943856544
6077391;1372741;8.82;3.948597303
6120172;1385360;8.81;3.944195065
6217176;1468719;8.76;3.937021772
6474566;1529568;8.74;3.93546404
6175115;1421962;8.94;4.030345457
6407142;1607011;8.85;4.004245917
6436471;1553975;8.69;4.111804499
6213618;1465181;8.76;3.969160332
6343194;1471256;8.53;3.947101957
6115556;1393423;8.34;3.94806968
6062830;1349108;8.66;3.952162982
6419513;1538946;8.87;4.029570585
6049397;1388249;8.57;3.954843914
6320688;1463286;8.21;3.93211829
6225420;1462073;8.14;3.973730232
7314329;1577424;8.35;3.939148602
7046334;1472471;8.38;3.957462235
6082053;1420232;8.38;3.983684287
6382547;1501202;8.03;3.971730893
6264195;1490509;8.16;3.942544907
6347896;1521270;8.11;3.953380659
6296372;1482221;8.11;3.93363017
6156301;1405615;8.15;3.97452438
6152230;1393365;7.96;3.936465482
6199033;1472470;7.85;3.954426077
6068458;1297063;7.83;3.936014681
6649383;1754384;8.11;3.935152527
6245846;1473426;8.62;4.347019669
6836644;1651018;8;3.946648931
8915114;2294039;7.99;3.965748228
7770752;1814420;7.94;3.954682939
6146403;1377243;7.84;3.952935845
6150341;1398221;7.79;3.928396758
6704986;1624687;7.88;3.952029048
6281466;1452057;7.92;3.980269922
6437184;1564126;7.98;3.988812359
6038584;1312730;7.96;3.938418336
6069077;1413673;7.87;3.956368187
6198385;1497215;7.85;3.926676864
6167151;1384827;7.96;3.998444072
6260440;1381411;7.83;3.941435091
6255484;1486670;8.07;3.954137347
6187362;1398616;7.88;3.947386728
6254846;1483869;7.7;3.935921155
6093113;1367081;7.8;3.975491104
6001176;1300735;7.82;3.952532602
6103745;1364350;7.89;3.953366416
6145524;1392672;8.09;3.943869857
6369627;1481112;8.05;3.959316657
6504414;1649728;8.06;3.930099562
6087809;1393817;7.98;3.944545573
6109336;1361022;8.1;3.963977876
6141714;1371418;8.16;3.938724465
5981367;1310055;8.61;3.947257199
6161310;1417981;8.29;3.939127117
