CacheRefs;CacheMisses;Energy(J);time(s)
176681978;22912967;517.91;48.748968603
91572582;16164881;531.41;48.738448795
105916283;14837879;523.05;48.661593628
91346722;15943142;538.56;48.741040388
95695340;14368836;548.37;49.237044678
101563193;13212165;533.25;48.752642507
91326145;14675181;544.04;48.698497302
89757920;14451891;545.57;49.372342952
93613890;14502972;533.1;48.688239252
87536492;14362961;547.12;48.804035907
95702169;17802386;538.84;48.931881746
83370153;16155549;570.83;51.352840631
95857646;14355697;566.36;49.901027466
87955754;14437207;558.08;49.222691203
161469692;31186401;593.4;53.079326329
93239132;15661258;540.94;48.732035134
92024541;13608253;547.56;48.764055818
89101365;13516342;550.81;48.955638087
78272158;13178403;550.05;48.72411077
89064895;13172727;552.21;48.935670882
89374972;12240284;541.53;48.76779371
89953328;12622663;553.57;49.120044231
87862470;12692932;547.81;48.766819191
86346381;14439436;551.32;48.704860296
91856079;14002251;565.73;48.597070971
84661450;14208739;550.68;48.670391085
101486732;12043108;551.07;48.765186803
89212846;13654238;552.19;48.674277269
94160007;12435747;550.36;48.632967847
96820648;12538423;555.11;48.770258845
87924189;12707186;551.64;48.735422767
105862265;13883086;552.84;48.73177969
102203566;15793637;556.2;49.230826626
103268609;13660050;552.1;48.719666934
109050969;14206324;576.83;52.868859553
95686375;13102524;570;51.034471156
80292784;12766122;557.93;49.255341544
101796355;11994644;575.77;49.010121125
91855742;12656551;555.68;49.082323059
100721519;12437751;549.26;48.776425818
86570176;13778799;571.69;48.802882345
93932240;13730775;554.86;48.713618472
92511375;13612277;553.09;48.818012023
84947770;13842716;553.82;48.623993906
99688392;13613676;550.73;48.739055707
99281524;12660350;549.38;48.792031586
85545130;13101395;572.19;48.828398276
96841412;14289351;572.81;48.853901873
83026159;14036575;551.78;48.745821775
89210112;13830818;572.56;48.760121866
91151676;13606666;577.97;49.217036528
92368759;13877806;550.92;48.6340109
92747968;13302176;551.57;48.741891144
88132822;13909515;558.99;48.735460087
99713610;13540025;581.33;52.879187129
96402258;12169091;571.96;48.75956795
92150985;12643301;573.86;48.762532628
81911535;13914163;551.61;48.72152368
104482798;12792646;569.92;51.236963447
104153144;12124728;568.41;51.251430981
102911605;11591933;562.06;49.377740136
99299825;12503590;556.74;48.711185335
96553165;13895883;551.71;48.737682806
97604977;13294097;554.61;49.215125352
97471824;11791601;556.82;49.312681125
95118973;13161180;551.95;48.7594766
88950259;13457827;572.54;48.725020883
90763374;13222286;560.92;49.569959822
98002900;12702706;555.6;48.946329117
97913795;13464440;572.06;48.683097862
99924453;12838238;572.24;48.631795858
104064765;13031661;551.8;48.674023529
98261645;12963217;553.25;48.889123795
99695456;13020305;552.31;48.791337226
94427724;13775856;553.45;48.788987343
98166905;12653058;561.06;49.542682345
93644802;12903936;550.1;48.877747231
92731820;13535691;550.72;48.71634185
82844022;13415442;550.51;48.72956937
89828130;12345406;558.09;49.321640925
85881432;12635721;552.96;48.807686437
85584767;12636842;570.51;48.627011338
94165209;13938852;584.39;49.723840133
96794657;13258024;578.77;49.124301859
74564576;14584562;552.24;48.736653585
92356407;14323452;551.59;48.717487527
93483900;13314567;557.4;49.360629647
91923772;13704909;553.63;48.943045267
91614096;13201871;550.87;48.636663438
63814228;13736741;550.62;48.739367656
95377454;13171456;552.43;48.787487095
94694556;13857192;572.25;48.677157993
81696444;13766506;566.01;48.748244787
96051031;12739177;573.14;48.705154149
99319904;13114254;558.69;49.299486085
87552638;12969974;551.82;48.700119354
88061269;13215843;567.23;48.874629755
92427078;12447052;552.05;48.728292728
90017464;12711245;552.35;48.774437425
85532461;14238567;573.96;48.790448241
