CacheRefs;CacheMisses;Energy(J);time(s)
224840497;56355168;529.9;51.045701055
87558863;16001710;442.69;52.661903916
81479822;13984315;444.59;52.794906413
78998940;14336167;441.98;52.472611405
89683173;13428203;444.76;52.728841153
98506669;13607338;442.23;52.439659664
83076492;12805623;441.88;52.484620562
85352199;12711496;459.08;54.485688643
76510600;14351693;446.35;52.930044059
103054440;13355627;448.09;53.230385586
113789580;15720484;453.06;53.778630982
96518479;14462397;443.71;52.725804103
112450506;16635416;449.99;53.656618688
104808628;14606908;487.67;57.988618693
103379706;14454527;479.09;56.970614693
97108293;13799432;442.74;52.662667203
88598886;13467238;444.07;52.684470072
93742842;13205246;442.32;52.616723116
83579135;13655092;441.48;52.537819504
92021241;14251345;472.1;56.344878407
87683480;14178614;442.57;52.666674349
109986196;14259402;440.21;52.502893885
97066158;12791938;442.79;52.652185623
99090539;12808966;447.85;53.256022453
102571345;12811929;440.81;52.591821246
95562626;15665419;441.03;52.469998938
90012010;13283033;444.12;52.734592098
93106613;12574885;454.43;53.970613923
89009514;13078130;473.72;56.318750739
86492513;12148577;447.16;53.080549893
97962847;12140799;442.94;52.692760449
100878360;11206723;451.19;53.580155895
93197817;11658597;450.15;53.478615107
82202786;11606358;443.63;52.818943325
89704879;12049546;448.66;53.364986737
81051581;11776915;442.66;52.69515513
94638230;11196577;440.83;52.627540328
92331930;11762949;443.98;52.723623799
99331223;11942800;446.43;53.006199263
86947913;12192345;443.09;52.71471005
103477458;11740716;445.6;52.900589768
97274027;11443229;445.21;52.931408284
89328874;11234732;443.59;52.755639953
96858265;11477132;440.76;52.534248052
73032918;12323562;443.26;52.735807709
94510762;13018137;450.47;53.613330071
90575374;12526020;442.56;52.680413053
70256904;11966249;441.5;52.463977384
92304725;12092549;442.73;52.661308535
88907151;12125517;445.04;52.825986566
98214727;10998663;446.43;53.071877158
80349534;11942182;439.73;52.420890514
88925333;11758850;443.25;52.691821056
94607202;11357971;445.8;52.966208376
89026760;11626272;441.36;52.607059086
93423992;11804555;446.61;52.996324633
85380435;11921578;459.68;54.678130673
92635130;11704932;441.68;52.492926152
76270479;13438850;446.43;53.070541043
99572477;12606816;442.47;52.720373545
83087046;12522143;441.32;52.443549838
85702136;11371700;440;52.472267268
95319333;11982052;445.21;52.848944468
99688948;11398134;439.72;52.451876073
96904554;11815324;440.86;52.563814216
87478324;11856133;441.01;52.412302182
65982384;12218484;444.49;52.890728883
88790151;12169150;439.21;52.394917167
83976014;12215166;440.72;52.561664298
97587199;11337209;441.73;52.683884037
103042719;11765401;444.37;52.990963811
94225546;12408308;441.64;52.508573197
98439655;11760719;446.14;52.968233798
97589012;12207228;445.69;52.948992329
86107349;12617166;448.65;53.294380365
78350498;12710022;447.1;53.092702767
93543823;11719814;447.51;53.271075746
100199591;11602888;455.1;54.027818261
92350534;12728571;452.96;53.923231258
103485788;11996208;442.02;52.60241645
108740973;13249074;451.09;53.597801637
93648630;13257419;446.36;53.247993297
99355186;14343473;445.06;53.008863268
103935330;12654159;440.63;52.577260124
86604851;11229904;442.55;52.698168174
102786269;13723494;442.12;52.643266898
84534776;13056473;446.41;53.156329607
81649175;12843346;442.93;52.752268566
105302448;13297440;441.25;52.70721202
92927934;12908770;441.81;52.552231628
91745469;15107777;443.85;52.848458138
99925179;17062775;443.98;52.952599887
96537378;13147232;446.58;53.220343972
106647653;13737138;446.41;53.079705445
106577334;13136921;445.04;53.016586049
108161405;14722288;447.33;53.451819942
79686808;12955972;441.63;52.544175741
104196966;14293082;445.94;52.998565897
86259151;14124038;441.5;52.601210746
103212670;12628048;445.98;53.006534182
