CacheRefs;CacheMisses;Energy(J);time(s)
356700779;50813887;409.32;155.535008733
210241282;15941944;332;157.278487406
155259311;12774944;321.84;156.899608043
181692882;12976875;322.41;156.489773242
206673003;12014780;309.85;155.536926201
222602023;13471973;320.5;156.456587963
212873946;16157516;312.59;155.601290811
213956264;13015417;301.47;154.994724525
227240752;13260736;318.49;156.295001455
184450067;12512894;311.22;155.789866734
187118772;13109694;312.97;155.951376692
180004628;16519534;311.16;155.63419984
222925323;13205025;296.83;154.516721747
226421478;13212276;328.84;157.530821019
227632716;12337394;322.93;156.823592184
210351533;12077747;322.39;157.020519572
208165945;12098881;301.29;155.060816161
205294613;12155865;301.98;154.617642157
215994179;12443750;302.72;154.511567203
116256688;12939068;351.58;160.16899043
201719603;11582183;320.92;156.601562891
213034651;12673284;328.9;157.573055017
182204811;12320752;323.7;157.18291629
203675092;14739175;311.54;155.73592919
232144610;20183548;324.64;157.342811962
197605782;12143564;314.97;156.100649384
183872070;11824557;297.43;154.400269156
195728399;11715817;295.07;154.224601053
155029975;12371816;323.13;156.851460777
169932462;14598568;328.09;157.955038168
213498767;12131204;319.6;157.076293197
235082356;13313814;295.25;154.619440372
204884829;12438726;319.64;156.738651417
162180450;12110494;310.09;155.901206042
166734983;12305722;319.52;157.001512168
224603660;14609752;292.53;154.229815735
217394548;12372391;333.54;158.613257409
162911201;12639713;324.97;157.11679533
161943514;12336942;315.36;156.034967427
164549985;12074684;327.71;157.470079143
106525988;11802697;311.05;155.85185402
209569101;13562902;336.7;158.530420343
213242737;12669780;322.68;156.812568356
204835398;13562250;287.03;153.46075499
211568231;12107454;322.74;156.976053459
223674696;12628030;316.24;156.283748852
202195101;12673477;330.02;157.92873522
210110179;14627471;306.92;155.50295198
208692812;13081256;331.07;157.977862101
182170290;11889588;347.15;160.298366549
205205181;12181663;297.44;154.222442872
226014861;11798570;327.07;158.313075053
190635689;12841868;314.7;156.312858117
157774975;12749909;294.25;154.444541914
155462930;12675602;299.96;154.495465939
232670884;13713287;316.27;156.23541899
188308271;14253902;324.13;157.192594193
222129563;12541503;310.32;155.79280129
224193793;12720691;314.25;156.089167893
223002740;14365238;330.52;158.435251257
168009660;13407639;309.44;155.893650316
166370778;12252815;311.36;156.088212165
164487737;12355955;302.8;155.192641232
165556457;11714068;286.27;153.626323153
166337753;12725698;325.47;158.278946728
197644281;13787091;354.04;160.795956724
181311054;15100328;319.31;156.596148686
196518447;15779674;292.08;154.093590146
228805247;13288070;328.08;157.648209171
191568906;15038813;323.96;157.117407692
211093436;11859844;290.57;153.894064815
320422770;39297587;320.6;157.773438518
270273452;20615501;300.23;155.221178848
220275495;12379275;361.31;161.582187428
179180208;11966412;299.22;155.082215683
239201581;14350359;326.21;157.557508309
230685000;12963565;313.88;156.333658083
230252174;13295892;316.16;156.772873047
216713376;12254944;321.36;157.05738571
235765927;13009108;327.97;157.747176953
237834678;12392624;332.48;158.114536231
227333544;13124429;330.21;158.019734192
238470147;13552935;325;157.476740499
241316179;15405023;334.99;158.60977326
161981461;12657292;293.52;154.393417099
226820044;11827467;303.63;155.065292848
213133660;12290648;323.79;157.339212554
189632115;11675047;294.19;154.550050516
202751807;12122742;315.11;156.546622912
235324552;11790684;323.67;157.215391585
230841236;12466406;290.16;154.113942426
238002146;13126190;337.78;159.070294904
233301496;12279222;317.92;156.688552153
225593992;11807388;327.01;157.745620721
200402002;12176610;314.61;156.607354911
178405392;14942161;322.09;156.995456449
221079236;12532912;300.45;154.548488766
217133783;11431003;308.7;156.136348599
232562229;12263328;307.02;155.85559465
205738882;11816513;310.72;155.658568211
