CacheRefs;CacheMisses;Energy(J);time(s)
121248036;10556686;627.27;61.798307618
103729598;7714745;549.51;64.558444609
86142405;5815066;542.72;63.825565611
87492489;5592280;544.91;64.165082985
97324336;5828982;540.12;63.903348114
79812652;5386765;551.44;64.957055461
93483179;6514667;550.2;64.86111386
92351931;5317037;540.18;64.003644797
93013837;6053301;548.83;64.947803784
99438099;5703658;539.69;64.047474998
77474500;5420356;547.45;64.619924397
67239288;6808599;545.02;64.503995917
86392884;7291724;552.23;65.237430466
83025868;5723375;540.69;64.164528203
95960611;5817605;544.25;64.415618611
95318271;5315792;545.02;64.544713331
91799227;6192333;546.83;64.701232353
92521424;5661276;547.42;64.751197356
95283465;5334187;546.35;64.706866441
99596096;5302694;550.38;65.116051102
102862173;6241605;554.16;65.556453844
92992520;5094169;540.9;64.033265427
75186445;5095334;544.07;64.588128397
89645324;6856496;544.82;64.482062627
86000306;5559419;552.89;65.414326028
97018060;6219520;537.33;63.843812337
104706438;5999628;551.12;65.302988168
84834071;5385290;548.8;65.051567565
99883587;5237893;550.73;65.223106303
91167520;5268405;550.6;65.235092171
94044017;6009842;545.51;64.575930363
96338142;5453767;536.61;63.747135238
94515915;5343217;553.83;65.531477623
94736328;6474042;549.49;65.031125374
99410794;5302571;554.29;65.594891993
78789876;5294097;540.37;64.246996568
81283237;5317706;552.84;65.442566803
73703497;5210639;537.74;63.74410548
86117185;5214375;551.78;65.269353436
92909912;5878199;547.62;64.82361527
79341193;6264275;541.41;64.20139904
77069197;6208654;540.27;64.283118483
94207526;5254904;542.05;64.289562817
98020935;5302439;553.9;65.597820266
83960673;5089963;542.79;64.398998045
99852316;5253259;556.62;65.877188722
99771331;5390431;550.58;65.154956635
95990775;5541995;543.27;64.583643461
98789077;5456663;554.05;65.546523116
78562819;6133621;544.92;64.554874583
94755450;6383561;551.4;65.283771291
97420816;6117861;556.02;65.839477483
80172250;5425231;548.88;65.154550484
108030673;6124500;576.21;68.284749393
94589772;5265523;548.94;65.179032805
100649084;5440904;553.81;65.652584578
96863360;5222823;543.92;64.553798078
96906937;5328756;537.59;64.052350476
97823804;5158740;547.23;65.012010817
87068824;5252000;553.63;65.632783896
96691520;5195548;553.58;65.659760638
69564343;5469058;549.62;65.124078112
95612531;5559644;547.98;64.943348693
85024314;6117947;542.86;64.685592946
91125688;5162355;540.26;64.308920476
100659118;6329030;540.28;64.330584087
99419323;5954582;550.42;65.257548395
93834266;5362183;554.11;65.676412728
77640146;5392272;547.24;64.984861793
83972048;5458462;550.71;65.235419627
93631282;5288545;536.95;63.946318702
116907175;13075337;550.73;65.254365984
95132509;5947858;551.94;65.387035139
105376900;6414652;555.69;65.827495704
83698796;5152188;542.36;64.292938585
85007409;7282432;548.54;64.97128781
103058755;6965361;552.68;65.501721923
97253720;6368770;551.75;65.371493227
91907082;5341393;545.96;65.031823525
92899838;5209537;538.64;63.89325368
88607773;5099407;543.48;64.759725547
97332916;5323152;552.42;65.524155516
83237343;5533887;549.77;65.184644252
91616609;6040718;547.8;64.923633781
95618794;5280175;555.1;65.755828205
98927915;5307994;550.85;65.304447039
88900037;5180735;547.09;64.88255302
87950132;5104103;547.49;65.027037251
86878441;5050174;541.81;64.243006854
96477658;5476297;538.27;64.089329249
97499747;5198370;552.91;65.512717218
93672882;5196378;540.64;64.34338215
101533501;6655882;538.28;64.128622133
73834060;5133071;546.21;64.874781687
97282756;5218975;540.2;64.332977356
90779701;5152999;544.11;64.56836651
83544929;5516565;539.26;63.98085266
71807495;5380057;549.9;65.252774849
80702528;5120547;540.66;64.130735846
84546442;5238302;545.55;64.95611249
