16 000000
16 000000
16 000000
15.267022 000000
14.049608 000000
13.891331 000000
12.661856 000000
12.60366 000000
12.663676 000000
12.720746 000000
12.379377 000000
12.321265 000000
12.310115 000000
12.717522 000000
13.214687 000000
13.363295 000000
12.504505 000000
12.291621 000000
12.189791 000000
12.128871 000000
13.693775 000000
13.110568 000000
12.262858 000000
12.104883 000000
12.092164 000000
12.071128 000000
12.084861 000000
12.102869 000000
12.065654 000000
12.181734 000000
12.147306 000000
12.418731 000000
13.952044 000000
13.543917 000000
12.166222 000000
12.206776 000000
12.2101755 000000
12.13198 000000
12.087195 000000
12.471737 000000
12.26149 000000
12.1444 000000
12.217664 000000
12.32573 000000
12.248419 000000
12.470411 000000
12.327018 000000
12.232388 000000
12.165501 000000
12.120306 000000
12.076121 000000
12.111684 000000
12.24385 000000
12.100314 000000
12.09961 000000
12.159356 000000
12.172083 000000
12.122126 000000
12.128817 000000
12.17015 010000
12.476317 010000
12.130273 010000
12.024753 010000
12.075001 010000
12.1282 010000
12.13663 010000
12.102805 010000
12.078728 010000
12.16439 010000
12.506677 000000
12.164409 000000
12.153419 000000
12.103459 000000
12.021571 000000
12.08118 000000
12.039843 000000
12.012373 000000
12.034983 000000
12.07118 000010
14.841324 000010
15.297461 000010
12.196337 000010
12.085857 000010
12.129817 000010
12.207401 000000
12.125031 000000
12.0781975 000000
12.134798 000000
12.113644 000000
12.073565 001000
12.088395 001000
12.051839 001000
12.050858 001000
12.040033 001000
16 001000
12.1651745 000000
11.974135 000000
12.014595 000000
11.955159 000000
11.955519 000000
11.974528 000000
11.9586315 000000
11.932023 000000
12.0414915 000000
12.012859 000000
12.3247 000000
12.031126 000000
12.048616 010000
12.004244 010000
11.999739 010000
12.023867 010000
11.984225 010000
11.989014 010000
12.008775 010000
11.957276 010000
11.946197 010000
12.033827 010000
12.006633 010000
11.98666 010000
11.960367 010000
12.074922 010100
12.291094 010100
12.849082 010100
12.37887 010100
12.504002 010100
12.3692665 010100
12.049264 010000
12.013484 010000
12.009495 010000
12.011533 010000
11.9187975 010000
12.005013 000000
11.983896 000000
12.032029 000000
11.972071 000000
11.970415 000000
11.960293 000000
11.956554 000000
11.897837 000000
11.920241 000000
11.9361 000000
11.983711 000000
12.071141 000000
11.943828 000000
11.925821 000000
11.965376 000000
12.026379 000000
12.023476 000000
11.941576 000000
11.977546 000000
11.966338 000000
11.982081 000000
11.982725 000000
12.04729 000000
11.987597 000000
12.007946 000000
11.997395 000000
11.972532 000000
11.921485 000000
11.999417 000000
11.989047 000000
11.980462 000000
12.000179 000000
12.013424 000000
11.970155 000000
12.000478 000000
11.963622 000000
11.99382 000100
12.039169 000100
11.936166 000100
11.925133 000100
12.012151 000100
12.036462 000000
11.9620905 000000
11.967702 000000
12.00735 000000
11.976714 000000
12.010993 000000
11.976699 000000
11.992987 000000
11.965726 000000
11.976082 000000
11.989676 010000
11.945607 010000
12.457365 010000
12.548662 010000
12.528006 010000
12.4761095 010000
12.117489 010000
11.970809 010000
11.966696 000000
11.93636 000000
11.933098 000000
11.92916 000000
11.9673 000000
11.960444 000000
12.056317 000000
11.988051 000000
12.044896 000000
11.996808 000000
11.982915 000000
12.026133 000100
12.0104265 000100
11.965374 000100
13.221304 000100
12.151671 000000
11.980676 000000
11.974905 000000
11.931451 000000
11.935972 000000
11.898892 000000
11.908993 000000
11.891694 000000
11.961065 000000
11.932346 000000
11.90127 000000
11.880313 000000
11.896491 000000
11.886137 000000
11.905549 000000
11.962018 000000
11.942331 000000
11.968162 000000
11.935619 000000
11.944099 000000
11.920754 000000
11.946686 000000
11.918341 000000
12.007093 000000
11.97019 000000
11.980392 100010
12.088031 100010
12.132833 000010
12.053164 000010
11.992764 000010
12.021197 000010
12.044031 000010
12.055175 000000
12.004872 000000
12.070296 000000
12.011652 000000
12.045159 000000
12.055258 000000
12.036801 000000
12.023827 000000
12.026327 000000
12.0233965 000000
12.034153 000000
11.936744 000000
11.901053 000000
11.974044 000000
11.927183 000000
11.919704 000000
12.012979 000000
11.955227 000000
11.9366045 000000
11.956198 000000
11.968955 000000
11.948888 000000
11.857257 000000
11.96967 000000
11.937888 000000
11.930058 000000
11.910177 000000
11.912753 000000
11.930259 000000
11.909047 000000
11.956995 100000
11.922986 100000
11.934612 000000
12.000542 000000
11.9726 000000
11.984653 000000
11.926826 000000
11.918753 000000
11.946649 000000
11.888357 000000
11.945111 000000
11.979845 000000
11.93689 000000
11.906974 000000
11.929096 000000
11.912776 000000
11.91758 000100
11.915818 000100
11.988723 000100
11.9161005 000100
11.940812 000100
11.894067 000100
11.961197 000100
11.923431 000100
11.934861 000100
11.94037 000100
11.895226 000100
11.886523 000100
11.932631 010100
11.904544 010100
11.925492 010000
11.947966 010000
11.992216 010000
11.98489 010000
11.918208 010000
11.98348 010000
11.968868 000000
11.946176 000000
11.911075 000000
11.943439 000000
11.918179 000000
11.870075 000000
11.910115 000000
11.920509 000000
11.916572 000000
11.957903 000000
11.954814 000000
11.894082 000000
11.941625 000000
11.926999 000000
11.934077 000000
11.928532 000000
11.934983 000000
11.893804 000000
11.968628 000000
11.904379 000000
11.943639 000000
11.930732 000000
11.900636 000000
11.882288 000000
11.924982 000000
11.937286 000000
11.887 000000
11.913516 000000
11.93287 000000
11.954105 000000
11.967256 000000
11.957778 001000
11.9192705 001000
11.925508 001000
11.96961 001000
11.944262 001000
11.992112 000000
11.886744 000000
11.939508 000000
11.921752 000000
11.916683 000000
11.9517975 000000
11.943452 000000
11.904235 000000
11.903206 000000
11.915233 000000
11.939446 000000
11.906673 000000
11.933512 000000
11.92908 000000
11.90601 000000
11.904679 000000
11.900324 000000
11.907862 000000
11.882678 000000
11.944824 000000
11.945397 000000
11.952507 000000
11.884942 000000
11.922832 000000
11.938611 000000
11.915071 000000
11.90288 000000
11.93876 000000
11.919085 100000
11.904498 100000
11.926647 100000
11.928193 100000
11.93995 100000
11.942006 100000
11.959262 100000
11.997285 000000
12.006068 000000
11.970497 000000
11.92671 000000
11.884169 000000
11.899553 000000
12.014611 000000
12.022325 000000
11.910845 000010
11.977399 000010
12.082931 000010
12.07242 000010
11.9971075 000010
12.096451 000000
12.062314 000000
12.001857 000000
12.036031 000000
12.093145 000000
12.066256 000000
12.002135 000000
12.026119 000000
12.031562 000000
11.997707 010000
12.129034 010000
16 010000
14.898099 010000
12.0455885 010000
11.969194 010000
11.948729 010000
11.985581 010000
11.908504 010000
11.951621 000000
11.925073 000000
11.954356 000000
11.9046545 000000
11.943865 000000
12.170181 000000
12.798802 000000
11.950922 000000
11.937377 000000
11.962668 000000
12.010191 000000
11.930886 000000
11.992754 000000
11.991862 000000
11.92351 000000
11.910933 000000
11.922249 000000
11.883058 000000
11.898882 000000
11.937205 000000
11.928362 000000
11.924668 000000
11.93296 000000
11.973331 000000
11.907097 000000
11.890352 000000
11.933999 000000
11.895055 000000
11.916775 000000
11.914655 000000
11.956139 000000
11.896224 000000
11.900627 000000
11.91872 000000
11.90232 000000
11.902961 000000
11.926606 000000
11.919121 000000
11.91769 000000
11.949422 000000
11.918565 000000
11.96928 000002
11.923067 000002
11.922823 000002
11.921663 000002
11.929499 000002
11.897952 000002
11.91817 000002
11.907611 000002
11.916356 000002
11.915738 000002
11.924731 000002
11.945315 000002
11.883308 000002
11.89297 000002
11.978551 000000
11.929752 000000
11.946843 000000
11.966304 000000
11.905917 000000
11.866946 000000
11.897008 000000
11.9056015 000000
11.895294 000000
11.912279 000000
11.919835 000000
11.944587 000000
11.876993 000000
11.900006 000000
11.998459 000000
11.918377 000000
11.962819 000000
11.985383 000000
12.007064 100000
11.934925 100000
11.964475 100000
11.942202 100000
11.887714 100000
11.885385 100000
11.963001 000000
11.997508 000000
11.932397 000000
11.909004 000000
11.921108 000000
11.89639 000000
11.908966 000000
11.922148 000000
11.90979 000000
11.905371 000010
14.612755 000010
15.357467 000010
12.193201 000010
12.074187 000010
12.11603 000010
12.017953 000010
12.093689 000000
12.056641 000000
11.9795265 000000
12.035052 000000
12.054899 000000
12.001909 000000
11.997153 000000
12.043366 000000
11.973955 000000
14.320188 000000
12.112856 000000
12.020687 000000
11.921815 000000
11.976235 000000
11.918355 010000
11.946761 010000
11.979898 010000
11.887241 010000
11.929377 010000
11.903798 010000
11.90144 010000
11.944185 010000
11.954308 010000
11.947747 000000
11.886377 000000
11.899055 000000
11.930996 000000
11.918275 000000
11.928165 000000
11.972089 000000
11.953219 000000
11.904305 000000
11.917934 000000
11.920537 000000
11.962811 000000
11.918111 000000
11.959901 000000
11.92169 000000
11.912363 000000
11.90464 000000
11.931231 000000
11.8590765 000000
11.890723 000000
11.973452 000000
11.924179 000000
11.87294 000000
11.904334 000000
11.933967 000000
11.883845 000000
11.920016 000000
11.996372 000000
11.966509 000000
11.970315 000000
11.898553 000000
11.898736 000000
11.913966 000000
11.897391 000000
11.927876 000000
11.927609 000100
11.919018 000100
12.183421 000100
11.900583 000100
11.8818 000100
11.908164 000100
11.939246 000100
11.996903 000000
11.929283 000000
11.926451 000000
11.900819 000000
11.929053 000000
12.0217905 000000
11.9372425 000000
11.933838 000000
11.991441 010000
11.932331 010000
11.931351 010000
11.945065 010000
11.908703 010000
11.924741 010000
11.907987 010000
11.914729 000000
11.913694 000000
11.91756 000000
11.889571 000000
11.936162 000000
11.917652 000000
11.955501 000000
11.965985 000000
11.975608 000000
11.931227 000000
12.005581 011000
11.90548 011000
11.941212 011000
11.932645 011000
11.988001 000000
11.964244 000000
11.958375 000000
11.988254 000000
11.909221 000000
11.966245 000000
11.879196 000000
11.905243 000000
11.960559 000000
12.022607 000000
12.00358 000000
11.923745 000000
11.917678 000000
11.897623 000000
11.919815 000000
11.905416 000000
11.908167 000000
11.933622 000000
11.931512 000000
11.894886 000000
11.937771 000000
12.049616 000000
11.97106 000000
11.959965 000000
11.912795 000000
12.606565 000000
11.970899 000000
11.916945 000000
11.924832 000000
11.931936 100000
11.93805 100000
11.938617 100000
11.924829 100000
11.910557 100000
11.937254 100000
11.924697 100000
11.861646 100000
11.94394 100000
11.993642 100000
11.936305 100000
11.910455 100000
11.923843 100000
11.906269 100000
11.901949 100000
11.933745 100000
11.917809 100000
11.971482 000000
11.931225 000000
11.895958 000000
11.938398 000000
11.922837 000000
11.930949 000000
11.907342 000000
11.904082 000000
11.927882 000000
11.902676 000000
11.896578 000000
11.976985 000010
11.913622 000010
11.944634 000010
11.918916 000010
11.938345 000010
11.967676 000010
11.933992 000010
11.893488 000010
11.890712 000010
11.993905 000000
11.926829 000000
11.931997 000000
11.942425 000000
11.92094 000000
11.93609 000000
11.915284 000000
11.966408 000000
11.9447365 000000
11.916946 000000
11.920816 000000
11.9066925 000000
11.94923 000000
11.926067 000000
11.930668 000000
11.971333 000000
11.870878 000000
11.9324875 000000
11.938954 000000
11.902172 010000
11.943605 010000
11.967785 000000
11.918558 000000
12.34023 000000
11.971757 000000
11.934974 000000
11.929663 000010
11.942205 000010
11.924606 000010
11.990383 000000
11.936981 000000
11.953369 000000
11.93371 000000
11.912914 000000
11.884748 000000
11.905057 000000
11.967017 000000
11.904163 000000
11.905384 000000
11.944183 000000
11.933332 000000
11.949186 000000
11.956728 000000
11.936534 000000
11.91348 000000
11.990427 000000
11.94603 000000
11.940224 000000
11.915177 000000
11.910653 000000
11.881611 000000
11.904534 000000
11.901166 000000
11.90947 000000
11.951031 000000
11.940698 000000
11.940948 000000
11.953531 000000
11.946207 000000
11.905357 000000
11.926399 000000
11.941674 000000
11.916521 000000
11.971476 000010
11.905017 000010
11.921263 000010
11.960271 000010
11.955612 000010
12.009529 000000
11.933707 000000
11.936519 000000
11.898457 000000
11.9091215 000000
11.923697 000000
11.920499 000000
11.893979 000000
11.915147 000000
11.925074 000000
11.897229 000000
11.900746 000000
11.92486 000000
11.970449 000000
11.918164 000000
11.908583 000000
11.946539 000000
11.931909 000000
11.927798 010000
11.941544 010000
11.8858 010000
11.9186945 010000
11.959311 010000
11.888643 010000
11.937755 010000
11.945221 010000
11.919598 010000
11.956653 010000
11.95812 010000
11.958688 000000
11.97066 000000
11.982695 000000
11.951408 000000
11.922135 000000
11.929352 000000
11.874419 000000
11.915743 000000
11.9056425 000000
11.937774 000000
11.909302 100000
11.914866 100000
11.938877 100000
11.886345 100000
11.886286 100000
11.929549 100000
12.004435 000000
11.95221 000000
11.907476 000000
11.938971 000000
11.945471 000000
11.907554 000000
11.913256 000000
11.925575 000000
11.941109 000000
11.970618 000000
11.987537 000010
12.140795 000010
12.090145 000010
12.053284 000010
12.094124 000000
12.014139 000000
11.983771 000000
12.013313 000000
12.04432 000000
12.0058365 000000
12.016 000000
12.03996 000000
12.065545 000000
12.0006075 000000
12.021518 000000
14.929299 000000
12.012186 000000
11.952632 000000
11.9471035 000000
11.991515 010000
11.928806 010000
11.982858 010000
11.932846 010000
11.986629 000000
11.889534 000000
11.893523 000000
11.909644 000000
11.913566 000000
11.905695 000000
11.932017 000000
11.938518 000000
11.893172 000000
11.931204 000000
11.937829 000000
11.90851 000000
11.8788395 000000
12.194353 000000
12.015025 000000
11.91633 000000
11.91998 000000
11.929267 000000
11.986646 000100
11.924724 000100
11.881873 000100
12.598012 000100
11.970811 000100
11.955926 000100
11.930286 000100
11.927877 000100
11.85893 000100
11.931948 000100
11.9049635 000100
11.874264 000100
11.848329 000100
11.89222 000000
11.935375 000000
11.919936 000000
11.963763 000000
11.906946 000000
11.912705 000000
11.945219 000000
11.942985 000000
12.022822 000000
11.91116 000000
11.939605 000000
11.907907 000000
11.97841 000000
11.931464 000000
11.939333 000000
11.955359 000000
11.915508 000000
11.914994 000000
11.934525 000000
11.932155 000000
11.922841 000000
11.983709 000000
12.020892 000003
11.9223795 000003
11.937333 000003
11.947583 000003
11.920535 000003
11.878502 000003
11.935034 000003
11.968765 000003
11.881181 000003
11.964427 000000
11.997076 000000
11.930541 000000
11.9070635 000000
11.930271 000000
11.939972 000000
11.904815 000000
11.96312 000000
12.001327 000000
11.951061 000000
11.924102 000000
11.9368925 000000
11.939208 000000
11.9112835 000000
11.915157 000000
11.967961 000000
11.883443 000000
11.899664 000000
11.923978 000000
11.925861 000000
11.899762 000000
11.894751 000000
11.951546 000000
11.886563 000000
11.955151 000000
11.965206 010000
11.934979 010000
11.94518 010000
11.939586 010000
11.895407 010000
11.922544 010000
11.888808 010000
11.955735 010000
11.8932 010000
11.931311 010000
11.940137 000000
12.067417 000000
11.9020405 000000
11.873919 000000
12.025232 000000
11.996246 000000
11.963982 000000
11.924171 000000
11.900354 000000
11.949979 000000
11.92158 000000
11.935952 000000
11.94554 000000
11.949589 000000
11.955345 000000
11.92104 000000
11.976246 000000
11.931686 000000
11.938861 000000
11.887728 000000
11.918011 000000
11.89831 000000
11.916223 000000
11.903912 000000
11.882474 000000
11.988676 000000
11.917205 000000
11.963062 000000
11.897371 000000
11.942305 000000
11.966264 000000
11.9589615 000000
11.919662 000000
11.911758 000000
11.910314 000000
11.913836 000000
11.979773 000000
11.917866 000000
11.866097 000000
11.912557 100000
11.9486685 100000
11.906115 100000
11.938571 000000
11.930391 000000
11.953492 000000
11.895547 000000
11.911398 000000
11.844297 000000
11.955857 000000
11.940619 000000
11.888819 000000
11.907873 000000
11.909661 000000
11.913138 000000
11.884974 000000
12.121178 000010
15.409644 000010
15.684712 000010
12.515189 000010
12.472138 000010
12.4627495 000010
12.440395 000000
12.382232 000000
12.415704 000000
12.427494 000000
12.46658 000000
12.331515 000000
12.371359 000000
14.881161 000000
12.377881 000000
12.287115 000000
12.291014 000000
11.928371 000000
11.93477 000000
11.937669 000000
11.882014 000000
11.90696 000000
11.874616 000000
11.905063 000000
11.926441 000000
11.878604 000000
11.867469 000000
11.921645 000000
11.916357 000000
11.868361 000000
11.911819 000000
11.886313 000000
11.899105 000000
11.931381 000000
11.911916 000000
11.87256 000000
11.921143 000000
11.931901 000000
11.908971 000000
11.949099 000000
11.88685 000000
11.883062 000000
11.9320965 000000
11.913349 000000
11.983957 000000
11.98896 000000
11.925616 000000
11.882657 000000
11.90563 000000
11.898392 100000
11.871278 100000
11.9022255 100000
11.897295 100000
11.885961 100000
11.907579 100000
11.926214 100000
11.912085 100000
11.904712 100000
11.93421 100000
11.904747 100000
11.922027 100000
16 100100
12.1281805 100100
12.220504 100100
12.0440445 100100
11.928856 100100
12.107981 100100
12.0861635 100000
11.91493 100000
11.921082 100000
11.91148 100000
11.94768 100000
11.926464 100000
11.852171 100000
11.886903 100000
11.858871 100000
11.87726 100000
12.69061 100000
11.932317 100000
11.885287 100000
11.88487 100000
11.888046 100000
11.872554 100000
11.847481 100000
11.921236 100000
11.869204 100000
11.912845 100000
11.979395 100100
11.879658 100100
11.868903 100100
11.882495 100100
11.896288 100100
11.886674 100100
11.93077 100100
11.89381 100100
11.941496 100000
11.907033 100000
11.876906 100000
11.91819 100000
11.917977 100000
11.928791 100000
11.8826065 100000
11.967884 000000
11.911201 000000
11.877825 000000
11.873017 000000
11.902169 000000
11.867537 000000
11.919057 000000
11.876585 000000
11.921577 000000
11.849324 000000
14.413665 000000
11.91858 010000
11.81741 010000
11.805591 010000
11.80313 010000
11.791652 010000
11.826656 010000
11.817448 010000
11.782594 010000
11.806482 010000
11.834129 010000
11.825431 010000
11.780967 010000
11.797721 010000
11.787735 010000
11.840119 010000
11.82365 010000
11.845613 010000
11.872314 010000
11.83352 010000
11.849191 010000
11.806502 010000
11.906956 010000
11.769561 010000
11.8167715 010000
11.822016 010000
11.899348 000000
11.768787 000000
11.804136 000000
11.793029 000000
11.82042 000000
11.819165 000000
11.868883 000000
11.791546 000000
11.808318 000000
11.768365 000000
11.812736 000000
11.843757 000000
11.763463 000000
11.792329 000000
11.736835 000000
11.766669 000000
11.848777 000000
11.84076 000000
11.797162 000000
11.79453 000000
11.80688 000000
11.809013 000000
11.773709 000000
11.806173 000000
11.814427 000000
11.804481 000000
11.795141 000000
11.831663 000000
11.825157 000000
11.825479 000000
11.843032 000000
11.819591 000000
11.794474 000000
11.811302 000000
11.857333 000000
11.778977 000000
11.837 000000
11.839411 000000
11.849406 000010
11.800954 000010
11.764955 000010
11.812276 000010
11.8821125 000010
11.819271 000010
11.771939 000010
11.854334 000000
11.824184 000000
11.793454 000000
11.812235 000000
11.776082 000000
11.777082 000000
11.827918 000000
11.75513 000000
11.749372 000000
11.838683 000010
11.842848 000010
11.770273 000010
11.782199 000010
11.80991 000010
11.815009 000010
11.818006 000000
11.8303175 000000
11.830839 000000
12.049936 000000
11.80094 000000
11.84261 000000
11.815661 000000
11.828396 000000
11.809213 000000
11.818964 000000
11.79355 000000
11.770516 000000
11.908257 000000
11.817777 000000
11.7966585 010000
11.849704 010000
12.1108265 010000
11.84483 010000
11.828755 010000
11.811043 000000
11.875525 000000
11.752541 000000
11.828319 000000
11.9122 000000
11.852391 000000
11.852486 000000
11.835655 000000
11.776637 000000
11.789019 000000
11.837437 000000
11.832937 000000
11.838961 000000
11.876547 000000
11.841668 000010
11.78036 000010
11.807199 000010
11.780705 000010
11.759268 000010
11.817582 000010
11.872948 000000
11.806432 000000
11.831331 000000
11.836377 000000
11.783929 000000
11.85232 000000
11.769933 000000
11.8127 000000
11.816922 000000
11.820019 000000
11.790496 000010
11.84853 000010
11.774743 000010
11.7601 000010
11.815484 000010
11.826943 000000
11.868491 000000
11.8819 000000
11.816766 000000
11.792255 000000
11.808858 000000
11.800324 000000
11.836971 000000
11.7659855 000000
11.782445 000000
11.799975 000000
11.786561 000000
11.788045 000000
11.83786 000000
11.7459 000000
11.770652 000000
11.83567 000010
11.747268 000010
11.773065 000010
12.056274 000010
11.969651 000000
11.835241 000000
11.8519745 000000
11.810881 000000
11.821223 000000
11.79672 000000
11.781182 000000
11.8137 000000
11.776714 000000
11.844885 000010
11.874962 000010
11.786152 000010
11.758072 000010
11.863778 000000
11.771984 000000
12.501988 000000
11.776023 000000
11.76416 000000
11.769067 000000
11.782026 000000
11.800146 000000
11.835967 000000
11.796486 000010
11.826141 000010
11.783698 000010
11.76707 000010
11.873223 000010
11.900387 000000
11.781613 000000
11.770761 000000
11.820188 000000
11.811814 000000
11.761798 000000
11.74064 000000
11.787174 000000
11.758021 000000
11.815623 000010
11.847944 000010
11.813135 000010
11.791178 000010
11.859497 000000
11.813142 000000
11.76581 000000
11.79172 000000
11.8308935 000000
11.808829 000000
11.800782 000000
11.810657 000000
11.777189 000000
11.76694 000000
11.793633 000000
11.866663 000000
11.772281 000000
11.793362 000000
11.795898 000000
11.805139 000000
11.809674 000000
11.800314 000000
11.797944 000000
11.826194 000000
11.803114 000000
11.799476 000000
11.784335 000000
11.776239 000000
11.772433 000000
11.797256 000000
11.820892 000000
11.76698 000000
11.856707 000010
11.971163 000010
12.342038 000010
12.231551 000010
12.245162 000010
12.291548 000000
12.27897 000000
12.174159 000000
12.17911 000000
12.02306 000000
11.976917 000000
11.938419 000000
11.973556 000000
11.992027 000000
11.80737 000000
11.815942 000010
11.780031 000010
11.829867 000010
11.846156 000010
11.797306 000010
11.80717 000010
11.85346 000000
11.819376 000000
11.809078 000000
11.798157 000000
11.854837 000000
11.84172 000000
11.811454 000000
11.940041 000000
11.81494 000000
11.798382 000000
11.828588 000000
11.790172 000000
11.794137 000000
11.768693 000000
11.811643 000000
11.815665 000000
11.831043 000000
11.802605 000000
11.825315 000000
11.81859 000000
11.77867 000000
12.061347 000000
11.791901 000000
11.7645 000000
11.795984 000000
11.850494 000000
11.788697 000000
11.800809 000000
11.798907 000000
12.013609 100000
11.781744 100000
11.819071 100000
11.806189 100000
11.773033 100000
11.827397 100000
11.781479 100000
11.8323765 100000
11.917078 100000
11.811482 100000
11.883694 000000
11.838882 000000
11.773512 000000
11.81563 000000
11.811634 000000
11.682842 000000
11.707306 000000
12.193096 000000
11.7125025 000000
11.711466 000000
11.721139 000000
11.727149 000000
11.714478 000000
11.695706 000000
11.713072 000000
11.671911 000000
11.728412 000000
11.717945 000000
11.639937 000000
11.678452 000000
11.737563 000000
11.718141 000000
11.757878 000000
11.710114 000000
11.71039 000000
11.697668 000000
11.720748 000000
11.713128 000000
11.720768 000000
11.704568 000000
11.737201 000000
11.773845 000000
11.693901 000000
11.713184 000000
11.696276 000000
11.663216 000000
11.679624 000000
11.694661 000000
11.662991 000000
11.763485 000000
11.76845 000000
11.732206 000000
11.708227 000000
11.709316 000000
11.734205 000000
11.665549 000000
11.707197 000000
11.701275 000000
11.707659 000000
11.745645 000000
11.728755 000000
11.730477 000000
11.68457 000000
11.752848 100000
11.739275 100000
11.704129 100000
11.728339 100000
11.726705 100000
11.751976 100000
11.668861 100000
11.7776575 100000
11.742962 100000
11.7386055 100000
11.658754 100000
11.716041 100000
11.740406 100000
11.770806 100000
11.772431 100000
11.712138 100000
11.708637 100000
11.706414 100000
11.76516 000000
11.691823 000000
11.694913 000000
11.739914 000000
11.7387295 000000
11.957251 000000
11.826488 000000
11.734183 000000
11.686731 000000
11.683508 000000
11.73993 000000
11.722108 000000
11.701557 000000
11.710071 000000
11.735426 000000
11.690738 000000
11.727754 000000
11.746466 000000
11.724015 000000
11.709644 000000
11.743749 000000
11.687012 000000
11.752938 000000
11.675789 000000
11.718198 000000
11.680415 000000
12.3909235 000000
11.764121 000000
11.781851 000000
11.747083 000000
11.731719 000000
11.738055 000000
11.72388 000000
11.68906 000000
11.706852 000000
11.753428 000000
11.708232 000000
11.685219 000000
11.753511 010000
11.719809 010000
11.734147 010000
11.750551 010000
11.721508 010000
11.671936 010000
11.71314 000000
11.682772 000000
11.691968 000000
11.687178 000000
11.741203 000000
11.710978 000000
11.676999 000000
11.814637 000000
11.666401 000000
11.703486 000000
11.696864 000000
11.691646 000000
11.735747 000000
11.734868 000000
11.7438135 000010
11.728273 000010
11.727611 000010
11.730077 000010
11.718922 000010
11.73572 000010
11.749298 000000
11.723419 000000
11.725845 000000
11.723567 000000
11.777913 000000
11.676605 000000
11.704174 000000
11.737887 000000
11.707762 000000
11.689472 000000
11.737671 000010
11.721041 000010
11.693108 000010
11.752453 000010
11.711355 000010
11.726752 000000
11.716115 000000
11.725708 000000
11.947433 000000
11.702635 000000
11.753852 000000
11.746307 000000
11.844078 000000
11.792434 000000
11.774978 000010
11.811631 000010
11.799705 000010
11.737567 000010
11.73638 000010
11.694351 000010
11.753299 000000
11.779011 000000
11.672957 000000
11.700239 000000
11.691901 000000
11.727148 000000
11.690762 000000
11.69206 000000
11.731979 000000
11.662079 000000
11.776027 000000
11.791538 000010
11.686127 000010
11.752358 000010
11.7170725 000010
11.715931 000010
11.745911 000010
11.711785 000010
11.763299 000000
11.699668 000000
11.716849 000000
11.716766 000000
11.679046 000000
11.741826 000000
11.738134 000000
11.666423 000000
11.730244 000010
11.719659 000010
11.737096 000010
11.675018 000010
11.694922 000010
11.730775 000010
11.745413 000000
11.718501 000000
11.719583 000000
11.720002 000000
11.706848 000000
11.709782 000000
11.729512 000000
11.688079 000000
11.753508 000010
11.724647 000010
11.689193 000010
11.736621 000010
11.713931 000010
11.71103 000000
11.718474 000000
11.67127 000000
11.720807 000000
11.725535 000000
11.704489 000000
11.718881 000000
11.668562 000000
11.717154 000000
11.708177 000010
11.736329 000010
11.673723 000010
11.698472 000010
11.722253 000010
11.746148 000000
11.662821 000000
11.705087 000000
11.720825 000000
11.691287 000000
11.74349 000000
11.691479 000000
11.656476 000000
11.74291 000010
11.744158 000010
11.691064 000010
11.738467 000010
11.717177 000010
11.727958 000010
11.7806635 000000
11.744316 000000
11.743592 000000
11.786811 000000
11.716019 000000
11.771419 000000
11.720592 000000
11.788752 000000
11.72177 000010
11.708685 000010
11.697786 000010
11.722239 000010
11.734187 000010
11.808338 000010
11.712663 000000
11.708775 000000
11.753966 000000
11.750386 000000
11.756134 000000
11.713906 000000
11.695339 000000
11.689372 000000
11.735217 000000
11.784734 000000
11.754187 000000
11.744744 000000
11.737885 000000
11.726082 000000
11.700592 000000
11.777669 000000
11.713411 000000
11.768561 000000
11.71846 000000
11.735301 000000
11.701713 000000
11.728916 000000
11.706813 000000
11.681736 000000
11.786925 100000
11.718006 100000
11.685133 100000
11.683524 100000
11.710984 100000
11.806307 100000
11.740136 100000
11.646555 000000
11.626336 000000
11.600984 000000
11.617426 000000
11.628355 000000
11.618004 000000
11.613109 000000
11.639161 000000
11.628633 000000
11.637958 000000
11.645399 000000
11.6309185 010000
11.575773 010000
11.626755 010000
11.643762 010000
11.599771 010000
11.630738 010000
11.632105 010000
11.713421 000000
11.5795555 000000
11.639921 000000
11.629757 000000
11.5679035 000000
11.61192 000000
12.274806 000000
11.654263 000000
11.645121 000000
11.6893 000000
11.648688 000000
11.612045 000000
11.668891 000010
11.658757 000010
12.153577 000010
12.10379 000010
12.111187 000010
12.109042 000000
12.188778 000000
12.121112 000000
12.104067 000000
12.322522 000000
11.932585 000000
11.733681 000000
11.709975 000000
11.684327 000000
11.690878 000000
11.775464 000000
11.756201 100000
11.738558 100000
11.6471815 100000
11.65742 100000
11.676606 100000
11.631408 100000
11.629392 100000
11.554597 100000
11.601823 100000
11.623942 100000
11.663414 000000
11.6368265 000000
11.618875 000000
11.647234 000000
11.626828 000000
11.62713 000000
11.644938 000000
11.619707 000000
11.644478 000000
11.6371 000000
11.956272 000000
11.675558 000000
11.641477 000000
11.675609 000000
11.628291 000000
11.622548 000000
11.666511 000000
11.686416 000000
11.642845 000000
11.616033 000000
11.619486 000000
11.597905 000000
11.621549 000000
11.587323 000000
11.661175 000000
11.660881 000000
11.66702 000000
11.593376 000000
11.621244 000000
11.633028 000000
11.613694 000000
11.629772 000000
11.636468 000000
11.583373 000000
11.613826 000000
11.628973 000000
11.609766 000000
11.694308 000000
11.6608715 000000
11.624805 000000
11.603632 000000
11.619869 000000
11.631013 000000
11.6349125 000000
11.617811 000000
11.625995 000000
11.666343 000000
11.602638 000000
11.63082 000000
11.625889 000000
11.655517 000000
11.593134 000000
11.611786 000000
11.649189 000000
11.637358 000000
11.611241 000000
11.5892315 000000
11.701587 000000
11.639885 000000
11.656979 000000
11.584397 000000
11.582974 000000
11.634959 000000
11.654301 000000
11.615502 000000
11.642643 000000
11.61439 000000
11.628619 000000
11.646646 000000
11.6913595 000000
11.615335 000000
11.681095 000000
11.628254 000000
11.614946 000000
11.632869 000000
11.640067 000000
11.639023 100000
11.618295 100000
11.625298 100000
11.649252 100000
11.603405 100000
11.612242 100000
11.629593 100000
11.64299 100000
11.616555 100000
11.67622 000000
11.598972 000000
11.641858 000000
11.571442 000000
11.624961 000000
11.573019 000000
11.627838 000000
11.622699 000000
11.609455 000000
11.605461 000000
11.634051 000000
11.57823 000000
11.64237 000000
11.584562 000000
11.632094 000000
11.616773 000000
11.682502 000000
11.651977 000000
11.589863 000000
11.6236925 000000
11.602164 000000
11.6520195 000000
11.618751 000000
11.614153 000000
11.608522 000000
11.653992 000000
11.622334 000000
11.631807 000000
11.614153 000000
11.619122 000000
11.606731 000000
11.625438 000000
11.633891 000000
11.632219 000000
11.584347 000000
11.616844 000000
11.63979 000000
11.669516 000000
11.67418 000000
11.700613 000000
11.5841675 000000
11.5875845 000000
11.6046 000000
11.587614 000000
11.600582 000000
11.566844 000000
11.647465 000000
11.610431 000000
11.609049 000000
11.611122 000000
11.628894 000000
11.593759 000000
11.623778 000000
11.593902 000000
11.590664 000000
11.605019 000000
11.614044 000000
11.656601 000000
11.60836 000000
11.623457 000000
11.65277 000000
11.799152 000000
11.739037 000000
11.650361 000000
11.5831375 000000
11.603006 000000
11.6687765 000000
11.591628 000000
11.617368 000000
11.646845 000000
11.65506 000000
11.606188 000000
11.901071 000000
11.623682 000000
11.576862 000000
11.626306 000000
11.592922 000000
11.580408 000000
11.596873 000000
11.778689 000000
11.630893 000000
11.622032 000000
11.621709 000000
11.64854 000000
11.644744 000000
11.630723 000000
11.601346 000000
11.650228 000000
11.618566 000000
11.610009 000000
11.627789 000000
11.633452 000000
11.642607 000000
12.294933 000000
11.665232 000000
11.627576 000000
11.641652 000000
11.593085 000000
11.615627 010000
11.6771145 010000
11.658042 010000
11.573616 010000
11.605157 010000
11.645484 010000
11.675202 000000
11.632759 000000
11.617234 000000
11.657942 000000
11.624356 000000
11.615505 000000
11.5715065 000000
11.610977 000000
11.656568 000000
11.602859 000000
11.646839 000000
11.621059 000000
11.632447 000000
11.636018 000000
11.63595 000000
11.639406 000000
11.61419 000000
11.628666 000000
11.613154 000000
11.611528 000000
11.583627 000000
11.588002 000000
11.63004 000000
11.655194 000000
11.605032 000000
11.631686 000000
11.605812 000000
11.638085 000000
11.622173 000000
11.626097 000000
11.583454 000000
11.603715 000000
11.618608 000000
11.595442 000000
11.628002 000000
11.611332 000000
11.559943 000000
11.616993 000000
11.633739 000000
11.590302 000000
11.566738 000000
11.777785 000000
11.661301 000000
11.631305 000000
11.629114 000000
11.68184 010000
11.583103 010000
11.652733 010000
11.68129 010000
11.57481 010000
11.554732 010000
11.606644 010000
11.640624 010000
11.621753 010000
11.619461 010000
11.628724 010000
11.655438 010000
11.580629 010000
11.634008 010000
11.658484 010000
11.639282 010000
11.711437 010010
11.675532 010010
11.597749 010010
11.68124 010010
11.640435 010010
11.597513 010010
11.629075 010010
11.624204 010010
11.651847 010010
11.659743 010010
11.687601 010010
11.665549 010000
11.601182 010000
11.63314 010000
11.637152 010000
11.583431 010000
11.650351 010010
11.647143 010010
11.663698 010010
11.645731 010010
11.642829 010010
11.639832 010010
11.613149 010010
11.626268 010010
11.684154 010000
11.593967 010000
11.608918 010000
11.671538 010000
11.621016 010000
11.643817 010000
11.694672 010010
11.655549 010010
11.600874 010010
11.6926565 010010
11.648742 010010
11.621638 010010
11.675419 010010
11.654365 010010
11.689648 010000
11.669521 010000
11.639089 010000
11.651312 010000
11.611892 010000
11.625495 010000
11.650381 010000
11.705854 010000
11.658527 010010
11.660189 010010
11.6081915 010010
11.665984 010010
11.669375 010010
11.659267 010010
11.625384 010010
11.66886 010010
11.645523 010000
11.633685 010000
11.627863 010000
11.646534 010000
11.646614 010000
11.692977 010000
11.671181 010010
11.636743 010010
11.617476 010010
11.669292 010010
11.6195345 010010
11.577732 010010
11.615635 010010
11.639742 010010
11.607324 010010
11.716662 010000
12.398042 010000
11.994291 010000
11.488368 010000
11.518545 010000
11.588348 010000
11.559413 010000
11.521369 010000
11.804175 010000
11.536903 010000
11.552839 010000
11.553659 010000
11.518777 010000
11.537638 010100
11.553197 010100
11.611799 000100
11.533031 000100
11.559656 000100
11.572836 000100
11.561652 000100
11.5571375 000100
11.552442 000100
11.551772 000100
11.587838 000100
11.539993 000100
11.612265 000000
11.539509 000000
11.522221 000000
11.522559 000000
11.529633 000000
11.603115 000000
12.047929 000000
11.710927 000000
11.652563 000000
11.538944 000000
11.566974 000000
11.512363 000000
11.5227375 000000
11.546004 000000
11.568879 000000
11.542419 000000
11.563678 010000
11.479254 010000
11.517266 010000
11.510614 010000
11.523781 010000
11.546011 010000
11.685368 010000
11.503086 010000
11.558278 010000
11.503483 010000
11.551362 010000
11.534932 010000
11.546769 010000
11.531546 010000
11.552669 010000
11.546479 010000
11.571575 010000
11.48127 010000
11.512829 010000
11.523669 010000
11.563724 010100
11.529545 010100
11.58258 010000
11.526525 010000
12.290902 000000
11.589857 000000
11.57044 000000
11.539052 000000
11.5366125 000000
11.592863 001000
11.570539 001000
11.505931 001000
11.547056 001000
11.608951 001000
11.58114 001000
11.49587 001000
11.531261 001000
11.494003 001000
11.507778 001000
11.563089 001000
11.537914 001000
11.534008 001000
11.539176 001000
11.541977 001000
11.506213 001000
11.571755 001000
11.61327 101000
11.512546 101000
11.537507 101000
11.525419 101000
11.560222 101000
11.548602 101000
11.615663 101000
11.550639 101000
11.508306 101000
11.550374 101000
11.555111 101000
11.492683 101000
11.540353 101000
11.5512905 101000
11.546613 000000
11.580467 000000
11.554447 000000
11.492098 000000
11.743093 000000
11.679456 000000
11.516508 000000
11.586556 000000
11.515279 000000
11.504023 000000
11.528835 000000
11.546634 000000
11.525825 000000
11.469948 000000
11.514455 000000
11.521026 000000
11.55795 001000
11.559199 001000
11.519495 001000
11.578066 001000
11.522684 001000
11.55903 001000
11.590431 001000
11.418991 001000
11.4478855 001000
11.446232 001000
11.417557 001000
11.442628 001000
11.46935 001000
11.479197 000000
11.469591 000000
11.446563 000000
11.4150915 000000
11.438539 000000
11.43682 000000
11.4378395 000000
11.4358 000000
11.489744 000000
11.455263 000000
11.453205 000000
11.437135 000000
11.459423 000000
11.43629 000000
11.405808 000000
11.471937 000100
11.463263 000100
11.465236 000100
11.459804 000100
11.450909 000100
11.461936 000100
11.428742 000100
11.441755 000100
11.465096 000100
11.453979 000100
11.509329 000100
11.501123 000000
11.461169 000000
11.405641 000000
11.418467 000000
11.459986 000000
11.453207 000000
11.438615 000000
11.437321 000000
11.447433 000000
11.478032 000000
11.425461 000000
11.456092 000000
11.454993 000000
11.448185 000000
11.426022 000000
11.449838 000000
11.43835 000000
11.429967 000000
11.452132 000000
11.421787 000000
11.433505 000000
11.452296 000000
11.441265 000000
11.45152 000000
11.420949 000000
11.414178 000000
11.41621 000000
11.729574 000000
11.431605 000000
11.44231 000000
11.454246 000000
11.423205 000000
11.396802 000000
11.444705 000000
11.544492 000000
11.436309 000000
11.461828 000000
11.453393 000000
11.425771 000000
11.415262 000000
11.446882 000000
11.419385 000000
11.432996 000000
11.465285 000000
11.418527 000000
11.489207 000000
11.459597 000000
11.495934 000000
11.436417 000000
11.435517 000000
11.446882 000000
11.400232 000000
11.427496 000000
11.44836 000000
11.496432 000000
11.496179 000000
11.466915 000000
11.430044 000000
11.455519 000000
11.497666 000000
11.396881 000000
11.456983 000000
11.452727 100000
11.442146 100000
11.396822 100000
11.454123 100000
11.446088 100000
11.405913 100000
11.387973 000000
11.42491 000000
11.469783 000000
11.437834 000000
11.425288 000000
11.434647 000000
11.451089 000000
11.426778 000000
11.466603 000010
11.486455 000010
11.44583 000010
11.454044 000010
11.455113 000000
11.715724 000000
11.539939 000000
11.576553 000000
11.548573 000000
11.457227 000000
11.452285 000000
11.435976 000000
11.438382 000000
11.433927 010000
11.440095 010000
11.466139 010000
11.48236 010000
11.553826 010000
11.451047 010000
11.426403 010000
11.398388 010000
11.444246 010000
11.439436 010000
11.431505 010000
11.42761 010000
11.4443035 010000
11.496307 000000
11.46189 000000
11.450531 000000
11.4873 000000
11.437484 000000
11.43998 000000
11.427581 000000
11.431241 000000
11.54248 000000
11.456779 000000
11.382319 000000
11.421867 000000
11.505423 000000
11.464153 000000
11.469368 000000
11.456643 000000
11.44254 000000
11.4607315 000000
11.4291 000000
11.386215 000000
12.131303 000000
11.467275 000000
11.398345 000000
11.463325 000000
11.462081 000000
11.444252 000000
11.412598 000000
11.433378 000000
11.429882 000000
11.478712 000000
11.437767 000000
11.511589 100000
11.412494 100000
11.481841 100000
11.469387 100000
11.440501 100000
11.439248 100000
11.401664 100000
11.423817 000000
11.426233 000000
11.449157 000000
11.446901 000000
11.420326 000000
11.431663 000000
11.458072 000000
11.480424 000000
11.422539 000000
11.493837 000010
11.416855 000010
11.444066 000010
11.447763 000010
11.433516 000000
11.450178 000000
11.429151 000000
11.423329 000000
11.393277 000000
11.453376 000000
11.416055 000000
11.430524 000000
11.438495 000000
11.446445 000000
11.395908 000000
11.4070425 000000
11.485834 000000
11.423488 000000
11.42193 000000
11.451868 000000
11.43606 000000
11.408235 000000
11.436626 000000
11.425256 000000
11.4109955 000000
11.433827 000000
11.399975 000000
11.397129 000000
11.446183 000000
11.417452 000000
11.402491 000000
11.440296 000000
11.451316 000000
11.435409 000000
11.420212 000000
11.421686 000000
11.460304 000000
11.420608 000000
11.420695 000000
11.397183 000010
11.452112 000010
11.46107 000010
11.459517 000010
11.497249 000000
11.904885 000000
11.917345 000000
11.894224 000000
11.998117 000000
11.654556 000000
11.651969 000000
11.750021 000000
11.802567 000000
11.591972 000010
11.397908 000010
11.425153 000010
11.406221 000010
11.403189 000010
11.4335165 000000
11.464629 000000
11.498647 000000
11.420451 000000
11.425894 000000
11.40913 000000
11.415136 000000
11.443471 000000
11.414561 000010
11.398459 000010
11.403559 000010
11.417954 000010
11.353492 000010
11.464112 000000
11.414327 000000
11.381085 000000
11.439164 000000
11.410294 000000
11.40367 000000
11.439242 000000
11.4087515 000000
11.359666 000000
11.395789 000000
11.44606 000000
11.430748 000000
11.428464 000000
11.351132 000000
11.381544 000000
11.398529 000000
11.435471 000000
11.45891 000000
11.389758 000000
11.373516 000000
11.372034 000000
11.379643 000000
11.395597 000000
11.409711 000000
11.45614 000000
11.445139 000000
11.478037 000000
GAMEEND
