0 00000
16 00000
32 00000
48 00000
64 00000
80 00000
93,640305 00000
109,54181 00000
125,54181 00000
141,54181 00000
157,54181 00000
173,54181 00000
189,54181 00000
205,54181 00000
221,54181 00000
237,54181 00000
253,1316 00000
269,1316 00000
281,30978 00000
297,30978 00000
313,30978 00000
328,4571 00000
344,4571 00000
360,4571 00000
376,4571 00000
392,4571 00000
408,4571 00000
424,4571 00000
440,4571 00000
456,4571 00000
472,4571 00000
488,4571 00000
504,4571 00000
520,4571 00000
535,81757 00000
551,81757 00000
563,6495 00000
579,6495 00000
595,6495 00000
611,6495 00000
627,6495 00000
643,6495 00000
656,2541 00000
672,2541 00000
685,9737 00100
701,9737 00100
715,11847 00100
731,11847 01100
747,11847 01000
763,11847 01000
779,11847 01000
795,11847 01000
811,11847 01000
827,11847 01000
843,11847 01000
858,9936 01000
872,4104 01000
888,305 01000
903,9892 01000
919,9892 01010
935,9892 01010
951,5595 01010
967,5595 01010
982,61523 00010
998,5006 00010
1014,5006 00010
1029,5875 00010
1045,4167 00010
1061,4167 00010
1076,8717 00010
1092,4247 00010
1108,4247 00010
1123,1542 00010
1138,749 00010
1154,5516 00010
1168,8004 00010
1184,4211 01010
1199,2808 01010
1215,2808 01010
1231,0768 01010
1246,925 01010
1262,925 01000
1278,925 01000
1294,5895 01000
1310,5895 01000
1326,2983 01000
1342,2983 01000
1358,2983 01000
1372,1108 01000
1387,7618 01000
1403,7618 01000
1419,7618 01100
1435,7618 01100
1451,7618 01100
1467,7618 01100
1482,209 01100
1498,209 01100
1514,209 01100
1530,209 01100
1546,209 01100
1560,2192 01100
1575,9974 01100
1590,6686 01100
1606,6686 01000
1621,6545 01000
1636,5138 01000
1652,5138 01000
1666,4869 01000
1681,125 01000
1696,7147 01000
1711,9226 01000
1723,9187 01000
1737,4841 01000
1752,7922 01000
1764,9706 01000
1779,1149 01000
1795,1149 01100
1810,62 01100
1826,2004 00100
1842,2004 00100
1857,5294 00100
1872,3546 00100
1887,5563 00100
1901,7231 00100
1915,3439 00100
1928,2833 00000
1944,2833 00000
1959,2723 00000
1975,1775 00000
1989,4817 00010
2002,3558 00010
2017,4475 00010
2031,2666 00010
2043,7328 00010
2058,0142 00010
2073,3267 00010
2086,3315 00010
2100,9265 00010
2113,8328 00010
2126,3362 00010
2140,179 00010
2155,3625 00010
2166,8923 00010
2179,7512 00010
2193,5454 00010
2206,1125 00010
2221,306 00010
2232,9946 00010
2244,0654 00010
2258,9802 00010
2270,245 00010
2282,5684 00010
2296,062 00010
2308,1533 00010
2319,629 00010
2334,734 00010
2346,8147 00010
2356,5388 00010
2370,979 00010
2385,1936 10000
2397,58 10000
2410,2666 10000
2421,1594 10000
2435,0942 10000
2447,83 10000
2458,9087 10000
2469,885 00000
2484,2332 00000
2496,5442 00000
2510,1443 00000
2521,8887 00000
2536,5193 00000
2549,08 00000
2561,2017 00000
2571,6287 00000
2586,121 00000
2598,9429 00000
2611,371 00000
2625,4 00000
2636,2666 00000
2648,9727 00000
2661,8345 00000
2673,757 00000
2685,359 00000
2698,5845 00000
2711,1233 00000
2721,7498 00000
2734,7612 00000
2746,7468 00000
2760,6648 00001
2774,839 00001
2790,839 00001
2806,839 00001
2819,07 00001
2833,2053 00001
2849,1448 00001
2861,8252 00000
2876,4102 00000
2890,8018 00000
2900,752 00000
2915,5156 00000
2930,1748 00000
2942,6545 00000
2955,835 00000
2971,835 00000
2987,064 00000
3003,064 00000
3018,8162 00000
3033,9177 00000
3049,9177 00000
3065,9177 00000
3080,654 00000
3094,076 00000
3108,3213 00000
3120,1123 00000
3131,998 00000
3147,068 00000
3162,4387 00000
3176,1694 00000
3189,176 00000
3201,7688 00000
3212,5708 00000
3228,5708 00000
3241,7769 00000
3253,901 00000
3268,475 00000
3281,3103 00000
3295,7563 00000
3308,2104 00000
3321,5176 00000
3332,5579 00000
3347,4536 00000
3361,394 00000
3374,812 00000
3388,5776 00000
3400,5667 00000
3412,322 00000
3427,1213 00000
3440,669 00000
3455,0278 00000
3466,4114 00000
3480,7668 00000
3492,5168 00010
3508,5168 00010
3520,502 00010
3532,5305 00010
3543,5908 00010
3556,7214 00010
3569,496 00010
3580,9773 00010
3595,0469 00010
3608,8057 00000
3623,5327 00000
3637,1943 00000
3651,4973 00000
3665,1252 00000
3681,1252 00000
3697,1252 00000
3710,6162 00000
3726,6162 00000
3739,7102 00000
3754,3584 00000
3769,6267 00000
3781,1304 00000
3791,9084 00000
3805,0337 00000
3817,1052 00000
3827,1357 00000
3840,6099 00000
3853,0088 00100
3867,0984 00100
3876,935 00100
3888,855 00100
3901,0303 00100
3912,8618 00100
3923,6992 00100
3935,424 01100
3947,803 01100
3958,697 00100
3972,9946 00100
3984,3745 00100
3996,019 00100
4007,2974 00100
4018,2454 00100
4029,7454 00100
4040,4875 00100
4051,4495 00100
4063,0386 00100
4074,2222 00100
4085,8445 00100
4097,1973 00100
4107,6733 00100
4119,266 00100
4130,907 00100
4141,579 00100
4153,746 00000
4165,323 00000
4175,8203 00000
4189,8545 00000
4202,196 00000
4213,973 00000
4224,8438 00000
4236,865 00000
4248,3955 01000
4260,1406 01000
4272,0713 01000
4284,882 01000
4296,323 01000
4308,1953 01000
4321,331 01000
4332,896 01000
4343,4077 01000
4356,28 01000
4368,1826 01000
4379,7397 01000
4391,04 00010
4404,0557 00010
4414,618 00010
4426,0815 00010
4438,5806 00010
4451,465 00010
4463,204 00010
4475,175 00010
4487,516 00000
4501,192 00000
4512,863 00000
4523,9106 00000
4536,3135 00000
4548,3438 00000
4559,5283 00000
4571,876 00000
4584,8984 00000
4596,858 00000
4608,5103 00000
4620,8843 00000
4632,466 00000
4642,8423 00000
4654,8105 00000
4666,2466 00000
4676,6094 00000
4688,8335 00000
4700,802 00000
4712,4355 00000
4724,398 00000
4735,8696 00010
4747,628 00010
4759,6475 00010
4771,4106 00010
4784,16 10010
4796,6836 10010
4808,054 10010
4820,137 10010
4831,36 10010
4841,5215 10010
4855,1133 10010
4867,2017 00000
4881,311 00000
4891,963 00000
4904,504 00000
4917,184 00000
4928,1196 00000
4939,0405 00000
4950,372 00000
4960,955 00000
4972,4766 00000
4983,9414 00000
4995,9287 00000
5007,1523 00000
5017,9966 00000
5028,9253 00000
5039,786 00000
5051,4434 00000
5063,0674 00000
5074,569 00000
5086,1284 00000
5097,6265 00000
5108,0986 00000
5119,469 00000
5130,252 00000
5140,4233 00000
5151,6973 00000
5163,3574 00000
5176,2397 00000
5187,7676 00000
5199,777 00000
5209,9023 00000
5221,372 00000
5233,538 00000
5245,5103 00000
5256,1616 00000
5268,411 00000
5279,7764 00000
5290,4004 00000
5301,072 00000
5312,8315 00000
5323,6084 00000
5334,4316 00001
5347,3706 00001
5358,141 00001
5369,766 00001
5381,249 00001
5392,749 00001
5404,46 00001
5415,7856 00001
5426,0186 00001
5439,4243 00001
5451,138 00000
5463,219 00000
5474,544 00000
5486,1772 00000
5497,774 00000
5508,6646 00000
5520,37 00000
5532,8906 00000
5543,102 00000
5555,0513 00000
5569,9404 00000
5585,9404 00000
5600,528 00000
5615,5894 00000
5630,862 00000
5645,8125 00000
5660,079 00000
5675,113 00000
5690,1196 00000
5703,1216 00000
5716,63 00000
5729,7993 00000
5743,4287 00000
5755,5547 00000
5766,975 00000
5777,229 00000
5788,161 00000
5798,7646 00000
5808,7827 00000
5820,18 00000
5830,76 00000
5841,318 00000
5853,635 00000
5865,129 00000
5875,05 00000
5886,22 00000
5897,5566 00000
5907,9116 00000
5920,579 00000
5931,9146 00001
5943,013 00001
5953,9565 00001
5965,9478 00001
5978,808 00001
5988,9595 00001
6001,1006 00001
6012,187 00001
6022,2876 00000
6034,303 00000
6045,2754 00000
6058,2563 00000
6069,5264 00000
6081,4243 00000
6092,958 00000
6104,045 00000
6114,8613 00000
6125,375 00000
6136,899 00000
6148,2812 00000
6158,6025 00000
6170,1475 00001
6182,2 00001
6192,764 00001
6203,6567 00001
6216,556 00001
6228,3955 00000
6239,215 00000
6252,4307 00000
6264,2666 00000
6274,2754 00000
6286,314 00000
6297,5273 00000
6307,6094 00000
6319,875 00000
6332,537 00000
6343,2305 00000
6354,07 00000
6366,3203 00000
6378,105 00001
6389,0757 00001
6399,938 00001
6411,411 00001
6421,778 00000
6433,8335 00000
6444,626 00000
6455,465 00000
6466,0537 00000
6477,626 00000
6487,719 00000
6499,862 00000
6511,264 00000
6521,3755 00000
6531,9316 00000
6542,583 00000
6553,438 00000
6564,292 00000
6574,693 00000
6585,852 00000
6596,6973 00000
6606,3535 00000
6617,3325 00000
6628,505 00000
6641,5825 00000
6652,2646 00000
6664,34 00000
6675,8057 00000
6686,9805 00000
6697,7686 00000
6708,654 00000
6719,9053 00000
6733,7783 00000
6746,102 00000
6755,753 00000
6767,7856 00000
6778,999 00000
6788,5234 00000
6799,972 00000
6811,2163 00000
6821,8364 00000
6832,5454 00100
6845,6987 00100
6855,814 00100
6867,278 00100
6878,2847 00100
6887,925 00100
6900,1475 00100
6911,0986 00100
6921,2466 00100
6933,7734 00100
6945,108 00100
6956,021 00100
6967,522 00100
6978,4727 00100
6988,774 00100
6999,9526 00100
7011,0405 00100
7021,203 00100
7034,342 00100
7045,7095 00100
7054,8335 00000
7067,4023 00000
7078,986 00000
7091,415 00000
7102,4697 00000
7113,687 00010
7125,3086 00010
7135,9956 00010
7147,733 00010
7159,71 00010
7174,8096 00010
7189,695 00010
7204,604 00010
7219,483 00010
7232,095 00010
7244,3975 00010
7256,4355 00010
7269,267 00010
7281,327 00010
7293,012 00010
7305,793 00010
7318,555 00010
7332,364 00010
7344,0845 00000
7355,588 00000
7368,507 00000
7380,8403 00001
7392,535 00001
7407,4756 00001
7423,4756 00001
7437,8213 00001
7451,8223 00001
7463,9683 00001
7474,574 00001
7486,6235 00001
7499,0967 00001
7510,0806 00001
7520,4854 00000
7531,876 00000
7547,876 00000
7561,2485 00000
7572,0933 00000
7587,482 00000
7601,1553 00000
7611,867 00000
7621,6714 00000
7633,499 00000
7647,205 00000
7661,9956 00000
7672,568 00000
7685,466 00000
7701,2603 00000
7715,853 00000
7728,8843 00000
7742,3203 00000
7752,857 00000
7763,9663 00000
7776,985 00000
7786,841 00000
7797,2866 00000
7809,808 00000
7819,6606 00000
7830,5034 00000
7841,521 00000
7852,1675 00000
7863,265 00010
7873,9976 00010
7884,8423 00010
7897,541 00010
7907,698 00010
7919,58 00010
7932,724 00010
7943,2485 00010
7957,0693 00010
7969,695 00010
7981,685 00010
7992,835 00010
8004,67 00010
8016,398 00000
8028,328 00000
8040,496 00000
8052,6577 00000
8065,968 00000
8078,2993 00000
8089,08 00000
8101,3647 00000
8113,5254 00000
8123,8354 00000
8135,9434 00000
8148,0776 10000
8159,493 10000
8171,1777 10000
8182,981 10000
8194,55 10000
8207,068 10000
8218,898 10000
8231,15 10000
8241,737 10000
8253,688 10010
8266,127 10010
8277,303 10010
8288,58 10010
8300,428 00010
8312,141 00010
8324,082 00010
8336,051 00010
8347,698 00010
8358,324 00010
8370,253 00010
8381,892 00010
8392,9375 00010
8406,507 00010
8417,97 00010
8429,535 00010
8440,272 00010
8451,896 00000
8465,774 00000
8477,111 00000
8487,8125 00000
8500,669 00000
8512,98 00000
8528,184 00000
8539,069 00000
8550,849 00000
8562,204 00000
8573,102 00000
8584,91 00000
8598,999 00000
8610,454 00000
8621,386 00000
8634,297 00000
8646,074 00000
8657,778 00000
8669,324 00010
8682,355 00010
8693,879 00010
8704,795 00010
8715,527 00010
8727,936 00010
8738,6875 00010
8750,372 00010
8761,452 00010
8772,276 00010
8783,997 00010
8796,387 00010
8807,366 00010
8818,756 00010
8831,8125 00010
8843,763 01000
8855,576 01000
8866,879 01000
8877,938 01000
8888,007 01000
8900,138 01000
8910,885 01000
8921,101 01000
8932,61 01000
8943,59 01000
8954,015 01000
8965 01000
8975,871 01000
8987,041 01000
8998,026 01000
9008,619 01000
9020,151 01000
9031,773 01000
9042,693 01000
9053,892 01000
9065,28 01000
9076,812 00100
9089,224 00100
9100,583 00100
9111,937 00100
9122,569 00100
9135,0625 00100
9146,84 00100
9157,036 00100
9169,037 00100
9180,956 00100
9191,5 00100
9203,101 00000
9215,232 00000
9226,722 00000
9237,938 00000
9249,284 00000
9260,295 00000
9271,405 00000
9282,331 00000
9293,615 00000
9304,623 00000
9315,662 00000
9327,508 00000
9340,409 00000
9352,077 01000
9366,605 01000
9376,605 01000
9387,766 01000
9398,771 01000
9410,213 01000
9421,5625 01000
9433,175 01000
9444,217 01000
9454,854 01000
9467,615 01000
9478,767 01000
9490,699 01000
9502,984 01000
9514,293 01000
9525,478 00010
9538,472 00010
9550,021 00010
9561,532 00010
9572,173 00010
9585,433 00010
9598,491 00010
9610,752 00010
9621,994 00010
9633,373 00010
9645,171 00010
9656,482 00010
9667,547 00010
9678,603 00010
9690,204 00010
9701,993 00010
9714,73 00010
9727,361 00010
9737,842 00010
9748,416 10000
9761,234 10000
9772,138 10000
9783,493 10100
9795,137 10100
9807,512 10100
9819,752 10100
9830,861 10100
9841,167 10100
9852,876 10100
9863,966 10100
9873,868 10100
9885,352 10100
9896,715 10100
9907,044 10100
9918,849 10100
9930,002 10100
9940,948 10100
9951,9375 10100
9963,946 10100
9977,783 10100
9990,566 10100
10001,999 00100
10014,009 00100
10023,675 00100
10035,42 00000
10047,417 00000
10057,47 00000
10068,82 00000
10079,963 00000
10090,723 00000
10102,128 00000
10113,848 00000
10123,919 00000
10135,514 00000
10147,54 00000
10160,504 00000
10171,119 00000
10182,147 00000
10193,578 00000
10203,582 00000
10214,478 00000
10225,307 00000
10238,804 00000
10250,523 00000
10262,119 00000
10273,243 00000
10284,724 00000
10297,135 00000
10307,589 00000
10318,733 00000
10332,124 00000
10342,706 00000
10353,141 00000
10366,124 00000
10377,899 00000
10388,204 00000
10401,854 00000
10413,021 00000
10423,497 00000
10435,17 00000
10445,682 00000
10455,332 00000
10467,811 00000
10479,478 00000
10490,159 00000
10502,825 00100
10514,867 00100
10526,079 00100
10536,822 00100
10548,375 00100
10559,613 00100
10570,132 00100
10581,706 00100
10594,057 00100
10607,669 00100
10620,357 00100
10632,991 00100
10644,474 00100
10654,217 00100
10666,451 00100
10678,011 00100
10687,709 00100
10701,449 00000
10714,036 00000
10723,814 00000
10735,406 00000
10748,265 00000
10763,206 00000
10775,417 00000
10785,933 00000
10799,539 00000
10815,146 00000
10826,639 00000
10839,656 00000
10851,616 00000
10862,446 00000
10873,222 00000
10884,247 00000
10895,361 00000
10906,108 00000
10917,77 00000
10929,312 00000
10939,616 00000
10951,01 00000
10962,163 00000
10972,32 00000
10983,59 00000
10995,928 00000
11006,229 00000
11017,198 00000
11029,162 00000
11039,886 00000
11051,139 00000
11062,479 00010
11073,646 00010
11085,383 00010
11096,249 00010
11107,539 00010
11118,92 00010
11130,339 00010
11140,657 00010
11151,367 00010
11162,567 00010
11173,504 00010
11184,881 00000
11197,112 00000
11207,374 00000
11218,938 00000
11229,941 00000
11240,367 00000
11252,951 00000
11264,022 00000
11274,332 00000
11285,518 00000
11297,004 00000
11307,436 00000
11319,102 00000
11330,487 00000
11340,74 00000
11351,374 00000
11364,577 00000
11376,157 00000
11386,894 00000
11397,437 00000
11409,093 00000
11419,754 00000
11430,875 00000
11443,043 00000
11453,423 00000
11463,704 00000
11474,407 00000
11485,792 00000
11496,931 00000
11507,254 00000
11518,347 00000
11529,179 00000
11539,584 00000
11550,899 00000
11562,155 00000
11572,419 00000
11584,036 00000
11594,817 00000
11607,968 00000
11619,356 00000
11630,137 00000
11641,813 00000
11652,586 00000
11663,299 00000
11673,436 00000
11684,426 00000
11697,204 00000
11707,858 00000
11719,538 00000
11730,397 00000
11743,187 00000
11753,035 00000
11764,128 00000
11774,743 00000
11785,282 00000
11795,504 00000
11807,133 00000
11818,23 00000
11829,43 00000
11839,644 00000
11851,665 00000
11861,855 00000
11872,479 00000
11883,684 00000
11895,024 00000
11905,802 00000
11917,017 00000
11928,547 00000
11938,606 00000
11950,284 00000
11961,907 00000
11972,226 00000
11983,407 00000
11994,693 00000
12006,969 00000
12017,914 00000
12030,446 00000
12042,953 00000
12052,746 00000
12063,468 00000
12075,537 00000
12085,658 00000
12096,773 00000
12107,097 00000
12117,83 00000
12129,093 00000
12139,719 00000
12151,087 00000
12161,988 00000
12174,113 00000
12185,358 00000
12196,054 00000
12205,918 00000
12216,9 00000
12228,134 00010
12238,719 00010
12249,765 00010
12260,779 00010
12272,523 00010
12283,511 00010
12294,741 00010
12305,244 00010
12316,759 00010
12328,011 00010
12337,162 00010
12348,038 00010
12360,246 00010
12370,322 00010
12382,029 00000
12394,445 00000
12404,17 00000
12417,049 00000
12428,713 00000
12439,296 00000
12450,207 00001
12461,246 00001
12473,664 00001
12484,34 00001
12500,099 00001
12516,099 00000
12531,07 00000
12545,468 00000
12559,142 00000
12571,53 00000
12584,357 00000
12598,528 00000
12613,439 00000
12627,953 00000
12641,138 00000
12651,453 00000
12664,332 00000
12675,03 00000
12683,953 00000
12696,956 00000
12707,828 00000
12717,3125 00000
12730,288 00000
12741,407 00000
12750,854 00000
12762,681 00000
12774,593 00000
12784,109 00000
12797,011 00000
12807,783 00000
12816,844 00000
12829,012 00000
12840,536 00000
12850,3125 00000
12862,57 00000
12873,934 00000
12884,111 00000
12894,491 00000
12904,417 00000
12915,532 00000
12926,864 00000
12937,755 00000
12949,35 00000
12960,191 00000
12970,285 00000
12981,7705 00000
12993,214 00000
13003,57 00000
13017,042 00000
13029,642 00000
13040,744 00000
13054,257 00000
13066,443 00000
13078,125 00000
13089,187 01000
13101,995 01000
13113,582 01000
13125,377 01000
13135,747 01000
13147,791 01000
13158,936 01000
13169,609 01000
13181,482 01000
13193,542 01000
13204,798 00010
13217,354 00010
13228,896 00010
13239,362 00010
13250,359 00010
13265,252 00010
13276,813 00010
13287,57 00010
13299,731 00000
13311,336 00000
13321,295 00000
13332,443 00000
13343,141 00000
13354,121 00000
13365,698 00000
13377,305 00000
13387,585 00000
13399,242 00000
13413,133 00000
13424,264 00000
13434,713 00000
13447,311 00000
13458,725 00000
13469,493 00000
13481,235 00000
13494,408 00000
13504,937 00000
13516,593 00000
13528,734 00000
13539,967 00000
13550,762 00000
13561,525 00000
13573,104 00000
13584,598 00000
13595,068 00000
13606,7 00000
13618,423 00000
13629,837 00000
13641,694 00000
13652,987 00000
13664,848 00000
13676,216 00000
13687,01 00000
13698,798 00000
13710,047 00000
13721,365 00000
13733,298 00000
13745,57 00000
13757,639 00000
13768,168 00000
13779,922 00000
13791,471 00000
13802,236 00000
13814,2295 00000
13825,817 00000
13836,331 00000
13850,463 00000
13862,437 00000
13873,867 00000
13884,294 00000
13896,608 00000
13908,191 00000
13918,266 00000
13930,512 00000
13941,424 00000
13951,959 00000
13964,057 00000
13975,377 00000
13986,702 00000
13998,591 00000
14009,689 00000
14020,197 00000
14032,619 00000
14044,063 00000
14055,542 00000
14067,176 00000
14078,27 00000
14089,744 00000
14101,591 00000
14113,239 00000
14124,676 00000
14135,828 00000
14147,476 00000
14158,521 00000
14169,89 00000
GAMEEND
