CacheRefs;CacheMisses;Energy(J);time(s)
115644580;12121794;59.66;4.748893392
20808308;3454091;51.98;4.672842389
19442954;2665078;50.65;4.704922707
17444705;2426252;50.15;4.693437096
17603210;2626234;51.56;4.841169043
16735795;2321733;49.42;4.631899595
20414469;3903500;52.01;4.691010316
17151178;2790502;50.27;4.699699021
17228604;2467955;49.96;4.638137771
17246523;2945989;50.37;4.686581811
18038807;2592350;50.22;4.729313094
13358763;2099053;50.93;4.644662962
17540850;3116078;50.98;4.65210048
15425288;2606695;49.59;4.626776879
15791579;2328147;50.47;4.687540145
17126323;2527192;51.77;4.824781178
17450317;2526530;50.21;4.618745987
17071146;2419224;51.38;4.674588929
18246594;2585362;50.5;4.65063071
17682598;2600164;49.76;4.671548986
15700732;2187757;49.79;4.662361406
17229873;2390166;51.09;4.627796115
15381133;2326361;52.06;4.618616118
16903698;2473920;51.35;4.662919448
18170130;2526932;53;4.685655357
16477960;2533255;51.84;4.678544617
15978526;2764320;52.49;4.674884918
19703823;3695414;50.98;4.745488491
18459302;2686363;54.01;4.804456538
15590906;2426194;51.63;4.679686926
16553254;2321889;51.32;4.637534893
30296761;5032180;52.02;4.688959123
21313424;3595435;52.77;4.666105815
17627744;2581989;50.22;4.642169731
14601429;2183132;51.82;4.662971051
18239169;2881944;50.25;4.655299706
17464061;2375976;52.28;4.615018377
16520584;2857923;50.83;4.676303708
17266556;2576384;50.48;4.654183212
24341843;6053415;51.31;4.734886289
16025656;2400509;50.15;4.689422609
16749326;3085446;50.29;4.666490073
16594307;2487460;52.99;4.692121023
16553024;2266641;50.39;4.693348635
18511099;3450061;50.66;4.700101191
16584824;2274625;52.41;4.641805649
19038405;3240431;51.06;4.708846441
19603355;3065195;52.94;4.669416046
50582253;14749329;51.85;4.728416925
17281239;2443667;50.39;4.638473425
16954505;3120379;51.21;4.631415949
16202072;2480602;52.81;4.675638871
18743912;3390439;53.04;4.716308489
15102759;2405940;51.85;4.664180404
12495747;2253279;50;4.631917047
18823207;3216992;50.88;4.710126264
15428623;2253365;53.55;4.721037385
17645750;2932151;51.12;4.668748054
15789399;2383134;50.5;4.671731506
18079027;2552039;50.74;4.69580907
17193240;2393138;50.51;4.639284413
16699291;2357931;52.65;4.673678349
17156107;2168623;53.19;4.683693756
17460129;3375203;50.85;4.653979392
15044793;2643009;50.12;4.670792227
15992003;2357672;50.21;4.642052703
13229721;2345775;51.74;4.698713947
16321620;2316113;50.31;4.655311768
17213739;2686428;50.95;4.631064821
16885811;2324805;50.56;4.694475024
17102111;2809635;50.72;4.693536494
16626368;2469051;50.35;4.651560737
17298283;2714108;51.59;4.640521765
16906624;2391435;50.2;4.638469141
16933944;2756038;50.23;4.668593719
16004265;2216901;53.53;4.74216453
15295989;2932481;52.11;4.632881746
14780840;2419178;51.72;4.644326625
16309544;2449658;51.92;4.665907194
16916142;2503812;51.68;4.712128294
20958912;3182008;50.83;4.64330523
17164193;2599504;51.44;4.739500261
18747984;2788404;50.72;4.667202365
13543812;2697824;52.43;4.644439227
15920575;2285185;50.76;4.694017405
17193291;2387934;52.94;4.679214152
15416265;2301553;50.68;4.704427876
16827884;2537086;50.12;4.624938492
14664410;2250922;51.79;4.643930764
17864727;2684631;50.9;4.679314086
18385345;2815436;52.8;4.656669083
128126265;49402403;57.28;4.756761396
76367165;25885449;54.71;4.695395955
63728189;22449028;54.05;4.738954122
170802017;62866008;59.08;4.906521314
133147967;43153720;57.92;4.8810617
35560535;7637601;53.26;4.718172599
63674702;17128140;52.38;4.701754186
110783094;32811055;57.37;4.86784018
43859896;9803555;52.1;4.712907806
