CacheRefs;CacheMisses;Energy(J);time(s)
26536170;6090305;72.86;6.748961818
23962418;5781889;75.7;6.696502735
25711247;6048228;74.85;6.708027838
28146029;6193227;74.7;6.70940739
26657003;5522503;74.47;6.765699841
27798343;6313150;73.34;6.893486012
29738515;5758382;66;8.222920706
27523638;6185892;60.79;7.328034111
22937827;5611728;61.03;7.305633367
27839004;5898123;60.7;7.242768576
29108546;6047696;61.06;7.243001749
25832860;5908111;60.8;7.229543667
27549716;5660388;61.26;7.272857899
24117636;5870316;60.71;7.222231544
21871822;5556263;61.03;7.238574838
27604510;6077400;61.52;7.267083191
27597147;5639205;60.67;7.217262199
27529366;5805292;61.38;7.252158819
21417970;5605554;62.12;7.396417147
27482670;6062128;61.75;7.290456937
27070894;6375127;60.38;7.193712707
21629263;5662626;60.73;7.222807675
25768775;5625932;60.84;7.223392838
26479902;5576921;62.05;7.329827905
28781721;5877558;61.27;7.268159715
25125304;5539993;61.95;7.336640373
26068907;5944471;61.3;7.266520755
27976699;6210741;60.88;7.224782202
24455015;6106937;60.91;7.232059982
24561596;5582525;61.06;7.232303498
26754854;5929725;60.72;7.245804637
29759301;5795959;61.42;7.294930797
25865969;5556765;60.65;7.218334991
26868021;5691404;61.69;7.321420866
27357891;5432314;61.13;7.249127655
23131063;5483656;60.98;7.245988155
27698591;5489136;61.27;7.288316639
26722394;5589860;60.99;7.248546316
23576178;5709771;61.13;7.259932881
26353565;5585967;60.61;7.225904264
27096669;5563039;60.79;7.201977028
26588646;5569261;62.27;7.384438612
25752814;5447422;60.91;7.218838038
25903910;5397031;61.72;7.321681981
26313284;5543745;62.13;7.395193976
27039662;5415676;72.43;8.599192562
23958309;5491963;61.39;7.28533884
26857345;5360231;61.04;7.241502736
26963907;5567885;61.09;7.228211633
27266600;5522796;61.16;7.251914559
25750424;5280035;61.45;7.280925605
27244376;5969029;61.19;7.303485526
29740043;6027027;61.96;7.340485136
26501537;5613796;60.86;7.2560272
26885488;5657731;73.14;8.663756405
23315338;5462830;61.35;7.279124939
27095972;5441912;62.11;7.367910376
23881835;5430844;61;7.255501038
27112262;5963559;62.41;7.408694262
25440023;5853092;61.17;7.26388282
27817685;5718097;61.39;7.289138604
27207803;5523315;61.42;7.289177153
25581609;5653682;61.7;7.338221259
27611433;7238479;62.25;7.308214287
65066826;19420681;71.07;8.659741566
31709024;6449525;61.76;7.306617452
26499222;5495077;61.36;7.272906083
23516926;5794337;62.74;7.458364694
27247952;5697419;68.21;8.106129213
26605722;5432314;61.78;7.308066676
26929192;5430072;61.6;7.335510291
26688815;5522109;61.59;7.30399882
29241562;5884410;61.42;7.30128619
28740020;6169951;61.31;7.289642585
24747032;5440110;62.15;7.387144627
26411086;5415867;61.91;7.341219385
27729588;5629134;62.06;7.369442534
27292190;5522784;61.24;7.290576568
27042649;5494904;60.87;7.239910604
27372602;5640372;60.92;7.239797
26386940;5355130;60.94;7.231197324
26997876;5674220;60.49;7.214663749
27083518;5398443;60.59;7.223141839
27535468;5514753;60.86;7.24495429
25246822;5650785;61.36;7.308787436
28888022;5539470;68.39;8.143081554
22713700;5645511;62.87;7.450379972
26260741;5524587;60.97;7.240425947
26061026;5385586;61.51;7.294547893
27093128;5378611;61.3;7.292792733
26902853;5541855;60.56;7.216252742
21607439;5514984;61.64;7.308748765
22243860;5446100;61.36;7.284491928
25561839;5493958;60.57;7.211668588
26335183;5602638;60.91;7.228744518
27684402;5668093;62.13;7.375620677
29477914;5926709;61.02;7.259399941
26416881;6117525;61.34;7.297431871
24567275;5614328;61.24;7.276091877
25806681;5457660;62.9;7.483304243
