CacheRefs;CacheMisses;Energy(J);time(s)
127306879;23116624;464.8;222.113989011
47979027;18454926;457.71;223.735272504
46308964;15683644;494.53;221.923906782
52352933;19699363;485.97;225.403254664
46120285;17303181;460.78;221.886943059
43850354;15433282;494.75;222.057986882
43746311;14911605;456.99;221.743281222
44052612;15029478;467.34;223.000226784
42733502;14725340;497.75;223.299341225
43494438;15229458;454.33;222.160958198
42702766;14295116;456.38;224.303161145
42765142;15218791;496.56;224.381694592
46142149;17412941;464.32;221.72165492
43006647;15093913;448.58;221.856809762
41686815;14598771;494.01;221.894063813
41854843;14875272;481.67;221.499561863
43617160;14412712;452.38;221.807563419
43877145;16125088;497.06;223.291302713
43165631;14344211;486.03;221.963935344
42008706;14815166;439.99;222.082460773
45926296;18109959;499.56;225.375555969
42675557;15683125;493.46;221.690902901
41635655;14732522;461.64;221.786031892
42036840;14927282;460.39;221.825769695
42340314;15110639;491.76;221.699313025
42858977;14952643;497;222.960222378
43728253;16030486;457.63;221.802044293
42029032;15055061;479.11;221.814010029
44593682;16124930;493.61;221.943977105
44245118;16361111;503.91;226.392292644
43888081;15431637;447.14;223.41417304
44649365;15238920;483.34;222.066711077
42741181;14269184;492.41;221.597079516
42938118;14630037;480.83;222.3572465
43951655;16500584;447.19;221.913505991
43047264;14997426;492.09;222.107993862
43724725;15990016;493.74;221.728091046
45412161;16197323;454.19;224.765160668
41863091;14715592;488.95;221.780176036
42593457;14630381;502.61;225.744243307
42785321;14690046;452.65;221.914414171
43079904;14333179;460.94;223.396879035
43705004;15572221;493.28;221.71859972
41967626;14692685;492.24;221.694899039
42861638;14467947;438.89;222.374225
47020149;17778752;484.64;221.949537519
41903617;15351723;494.68;222.099969053
43513278;15030113;520.4;250.209842017
41954452;14533484;468.63;225.808011525
42952370;14537901;499.5;225.120844021
44745772;16139466;521.4;245.050148366
42185798;14899981;450.35;221.734292714
42501198;15149451;494.07;221.755898178
46035798;17619750;494.35;222.012121988
43248451;15666839;441.14;222.785101195
43190156;15695960;480.22;221.623330608
42206481;14804109;493.39;222.084865849
42465147;14542408;456.86;222.547112063
42238246;15183824;480.16;221.87537317
43161472;15758956;493.91;221.7935085
43643821;14960957;470.09;230.811595879
45579102;16594120;481.74;221.883174239
45366567;16005851;493.2;221.60895861
52038017;17116041;442.88;221.874756788
43088585;14870212;475.76;226.331861975
42831782;15414573;494.3;221.774497347
42101023;14370974;453.8;221.947030877
42862901;15931276;478.4;221.701564108
42572321;14975895;494.97;222.055598197
45478527;17631227;452.98;221.922736356
44379617;16838522;459.64;221.761618692
41886289;14543846;494.36;221.796928223
42375464;15100851;458.06;221.909695707
42626374;14223777;467.48;223.93799007
41898531;14854091;493.8;221.636168807
43398770;16237703;467.81;222.0620966
42841470;14672330;447.92;221.702138073
42465525;14597261;493.02;221.901359615
44661571;17561226;484.55;221.642815268
42837399;15273994;440.11;222.192955361
42078925;14900881;489.72;221.654230635
43117244;14301267;502.24;227.183645049
42649557;15114070;432.92;222.345923476
43506713;15574215;486.03;221.858931619
42449062;14764104;494.22;221.982321026
42189632;15155181;442.58;221.641237056
44981032;16339430;466.78;222.056885858
43818965;15148324;500.25;224.729813401
42410151;14888883;471.5;221.875476392
42925195;14823617;447.23;221.536967381
42508643;14860652;494.03;223.409476552
42916127;14641464;479.27;221.620494714
42685085;15649619;437.49;222.001534633
42111370;14671770;493.35;221.967947945
42970232;15739204;482.58;221.775218641
44138286;16679994;435.56;221.89453395
42435264;14822680;494.06;222.689571469
43039916;14403379;497.63;224.257316439
41986105;14530865;430.2;221.830385193
41927805;15006884;475.06;222.154064786
