CacheRefs;CacheMisses;Energy(J);time(s)
84000293;13406810;12.61;4.717501577
34159628;6120062;11.56;4.833805627
10823127;3056103;10.92;4.780756023
11041596;3204272;11.07;4.836566382
9918113;2906269;10.94;4.776281728
11673905;3438761;10.92;4.773903999
11116842;3199702;10.79;4.74087706
12446548;3888611;11;4.847864355
10612822;3006821;10.81;4.786563418
11244461;3308592;10.63;4.710383938
10668498;3080460;10.9;4.820600676
10206407;2802114;10.97;4.835083457
10487425;3077358;11.04;4.846374348
11778630;3550878;10.95;4.777375206
10318348;2947725;10.87;4.750295567
12318820;3528597;11.15;4.86040206
11659868;3318052;11.15;4.841305332
10878048;3130009;11.07;4.827830823
10649221;3098601;10.86;4.743598303
11176512;3399838;10.88;4.744129983
9909245;2937086;11.03;4.812360895
12989963;4188865;10.92;4.756839796
10392527;3092840;11.03;4.812594574
73899096;31451359;11.85;4.82721145
18929491;6064662;10.99;4.761414943
45205654;17989925;11.28;4.770261901
12970159;4333809;10.84;4.779676763
39164041;15787000;11.04;4.737986944
54091614;22197699;11.35;4.794540915
45905806;18630443;11.28;4.82756389
62709566;26004436;11.55;4.786465886
51636784;20301882;11.45;4.779633606
64950272;27245258;11.59;4.768613605
19467051;6509651;11.16;4.837056251
10280728;2988409;10.98;4.784600521
10377358;2990372;10.92;4.758966814
11101921;3194684;10.97;4.763424225
13365642;4362501;10.96;4.75455405
11257814;3401511;11.04;4.810759938
10550119;3152319;10.9;4.74646719
10683777;3108779;10.95;4.769032011
10555280;3042006;11.14;4.857501874
10717625;3146028;10.9;4.746230703
10504390;3107706;11.03;4.808161371
11995031;3607052;10.94;4.789272048
12233526;3779307;10.87;4.788918953
37508044;15064314;11.12;4.780712284
57111784;23076649;11.51;4.835788694
11477230;3506930;10.81;4.778846891
10641736;3163415;10.81;4.749452755
11791914;3557601;10.96;4.776663965
10804668;3233583;11.18;4.868482634
10647137;3183832;11.08;4.822952221
10027912;2938877;11.03;4.804290503
10092760;2858220;11.14;4.866638198
11018851;3214093;11.17;4.847684716
11676721;3495484;11.04;4.802652864
10612739;3108232;11.1;4.833845163
10857280;3243771;11.15;4.837796437
10496413;3097113;11.03;4.802570164
11300108;3157188;11.1;4.820851898
11399049;3232107;11.09;4.830125968
27682713;11403928;11.14;4.792941966
96068187;42856423;12.32;4.885888267
32477258;15186022;11.35;4.967680134
42823971;20048486;11.25;4.869366847
15455182;6114105;11.22;4.972790217
4621146;1137314;10.96;4.909524574
4496485;1128760;10.62;4.751735265
5423485;1459514;10.64;4.755069329
4406670;1023935;10.7;4.789432094
4233026;982252;10.74;4.806845567
4457572;1071634;10.5;4.697361435
4724499;1194746;10.59;4.737480604
4367723;1065085;10.78;4.82314017
5349199;1558729;10.7;4.785186722
4281446;1021850;10.84;4.850808514
4256542;1034130;10.68;4.775412052
4468768;1136342;10.51;4.704832753
4221790;1042296;10.51;4.701829643
5112557;1351887;10.69;4.782044902
5203097;1352824;10.72;4.79301656
4305995;1028153;10.5;4.696911528
4367096;1100145;10.65;4.763411978
4371645;1081490;10.67;4.778740367
4455294;1127691;10.67;4.775975401
4544459;1158153;10.89;4.875513148
5287302;1478682;10.8;4.827951467
4227012;997821;10.47;4.689505219
4557887;1169432;11.17;5.000323413
4278608;1033317;10.55;4.72434355
4399554;1054011;10.66;4.774145351
4446773;1103163;10.48;4.692148378
4782753;1241993;10.58;4.734859836
5468491;1434074;10.49;4.704597259
18451288;6331951;11.05;4.829031235
4588516;1195773;10.64;4.761413014
4627971;1232430;10.75;4.808355675
4408939;1051351;10.53;4.707500687
4299784;1028009;10.61;4.747618677
