CacheRefs;CacheMisses;Energy(J);time(s)
407453442;53538302;811.66;86.376327004
305384926;52073029;726.68;86.663451221
253762514;32870969;722.87;85.827581313
249145963;36834460;727.81;86.475252512
269815238;37695032;728.04;86.459673665
242082838;27766764;727.15;86.200841829
243774588;28488279;730.01;86.535920799
341924164;61111973;732.41;86.960166176
243716584;25363784;734.05;86.94000135
244510586;26384763;720.05;85.495544641
353532728;84671271;721.45;85.94344604
241919326;27262891;718.7;85.312289806
264688804;31687502;733.62;86.903158815
284222983;37037301;725.51;85.994089157
239675452;25967487;722.79;85.799399293
266066082;32215392;732.21;86.643208581
247604162;28974021;730.13;86.407120354
277784887;33394087;723.81;85.713929778
253626881;30303279;731.56;86.273830929
241026901;24130461;737.73;86.978106332
269717852;30967845;723.64;85.691785049
273323909;34012053;725.8;86.016012603
241784005;25472762;738.63;87.126384933
244445589;28598371;730.36;86.327407332
252069085;26847447;729.1;86.102356264
233795248;25047588;728.6;85.983412822
240957904;26137469;723.52;85.709680801
251501562;27290354;736.54;87.144812526
255737271;27219074;721.82;85.504310367
238995564;26165165;737.11;87.060771065
363521706;64936500;728.65;86.664142741
215350090;24740008;729.58;86.240812009
236392240;24512116;726.26;85.968218405
223087416;26299182;721.44;85.430439155
232840358;26123655;716.32;84.980949204
255339923;28050828;739.09;87.596532402
242970966;24263292;729.18;86.263162814
345263845;84525661;739.13;87.985716359
283210595;32470269;742.44;87.830633383
236616013;24217689;740.76;87.672091019
253592501;31534921;725.09;85.883072854
262165420;33081848;739.09;87.396496113
247145251;27578956;716.11;84.94420859
245648948;23174974;725.39;85.996407713
266756387;28844753;736.54;87.127778847
243524283;26412185;737.29;87.185423899
236758039;25309865;734.48;86.830364315
252567866;27615576;719.39;85.148019256
233867998;28095517;736.05;87.084850583
234108873;23552179;719.31;85.322642691
239338130;25518033;729.31;86.289008442
242960918;25639627;721.73;85.41061369
340650161;74231523;725.59;86.430743967
437894210;69253070;721.81;86.574049256
259539935;26849819;724.01;85.895270762
249480648;27560789;732.17;86.668314208
328658323;70630052;720.7;85.529412932
239494790;18839499;727.56;85.693582673
262340279;18221838;729.2;85.974255159
268528314;20042130;742.39;87.418637081
247902763;17413353;724.6;85.107774251
240375089;17615425;734.01;85.552792414
253601475;19900618;733.88;85.575388453
311818219;46204297;759.18;89.04457868
441465067;106280246;816.83;82.095999142
281370606;41562433;744.1;87.36492747
367893077;57692022;741.86;86.732715338
228712790;24357751;731.28;84.912812634
228201823;24910013;739.83;85.960617545
284125475;30300821;739.48;85.943178354
261318917;28859485;732.62;85.287863192
241025373;26112908;721;84.039567264
222705523;26405680;741.48;86.348261462
288949691;35536885;737.86;86.2137951
238616024;24436709;732.63;85.462720401
270239384;32248340;734.6;85.687579615
238134338;25575395;728.18;85.00809396
236772160;23333800;733.04;85.424752427
223222830;23741057;729.57;85.177125957
207128898;24288256;739.56;86.239196607
255840233;30815329;741.22;86.601746077
239317544;23928303;722.58;84.626691876
240703026;27037958;730.04;85.263042887
235924394;26763053;738.95;86.293655274
259716337;33608962;742.58;86.775513984
236911490;23785585;731.34;85.428443478
277376712;35009279;739.3;86.487348438
250475917;25864469;730.12;85.69566528
241210140;24780660;725.68;85.163926258
252083538;27311979;737.28;86.191275765
264740479;29423588;735.8;86.01710169
251137184;23809596;736.81;86.192653679
261772757;27597070;729.87;85.342819483
234379987;23686799;741.04;86.44123186
240666983;25947169;736.32;86.119376321
251484759;24789343;743.33;86.797166875
341150259;77408657;733.26;85.999966779
222543132;26278104;738.26;86.401213539
251877143;27577587;730.53;85.532161366
273910481;31195795;736.05;86.304957721
