CacheRefs;CacheMisses;Energy(J);time(s)
196425576;20718791;650.75;59.966641406
122935541;11231113;637.57;60.258318539
190909018;26632941;662.47;60.198142277
117757738;12576215;663.16;60.75100836
221603042;59913025;655.75;60.202080883
132295178;12323510;650.51;59.936188054
107927588;11805365;660.5;59.71776351
101724045;9502289;663.95;59.957303874
107470400;9964908;671.71;60.483181302
111000187;9401121;663.42;59.902575602
99590979;11117841;651.46;59.624697752
108491961;12687624;667.27;60.113963151
117714468;9828321;686.7;60.385615557
109958877;10884822;667.31;59.73487947
109367878;9631167;671.92;60.412856563
120656481;9885361;683.56;60.100093512
120072515;9022237;670.17;60.156868518
195065578;53265857;675.25;60.213921071
110332406;9042984;670.6;59.961966056
108458130;7885516;691.01;60.499986212
91936408;9247235;667.67;59.847372518
104936387;8110685;671.5;60.411515006
104978859;8394676;686.17;59.615749479
167877543;56292383;662.02;60.195250802
111408380;9501214;676.1;60.403442479
117419372;10079370;673.5;60.439982199
109102731;9527075;666.5;59.880887918
104155544;8899104;666.84;59.650884011
113489407;10897127;674.7;60.567560315
122818462;9534789;700.07;63.02091896
170303358;51565485;673.15;59.996236212
122004357;9823896;664.1;60.4267361
116731195;10952483;692.04;59.688461283
97757352;10345491;667.34;59.979995772
110603364;7981165;696.29;60.37301878
110368124;9064633;670.33;60.124356226
117470358;9849092;660.27;59.953099497
100564401;10073216;670.69;60.140820208
114124040;10097136;664.85;60.633176652
96978270;8977844;675.1;60.444150676
187691799;54202580;677.72;59.790436333
112616285;8139690;698.64;60.244060974
105297554;8332623;663.01;60.123512783
108265586;8863844;664.74;59.620946243
109555691;8312748;667.07;60.112530654
181252475;55317125;672.01;60.433676619
112766508;8454122;662.04;60.102663848
106603218;8544939;696.04;60.353945418
109679032;9209944;661.67;59.637527537
97229598;8573592;675.36;60.292750602
193454338;54224414;693.68;60.512006696
109981320;9697071;675.79;60.369117471
106070730;8705933;680.99;60.440605013
99755048;8959684;696;60.344376911
91977284;7866938;670.47;59.645805898
106915788;8295298;668.86;59.784774401
183385915;52279194;671.5;60.449623982
112809735;10462982;698.38;60.405539356
107860666;9506607;662.2;59.885997863
127175749;17797506;672.38;59.957409946
103834298;8426757;673.31;60.183606307
110032309;8375113;666.05;60.380915711
88868152;8092298;670.26;59.818690244
107706252;9673207;663.08;59.906654643
122081949;8896755;663.24;60.393253628
115254419;8214810;670.91;59.68499824
108625567;8365361;682.87;60.865175685
115634156;8229950;662.02;59.668663633
108267432;9866797;677.49;59.911364912
178530761;54045756;674.68;59.723569383
101911104;8822319;676.42;60.405978105
113902267;8409811;716.38;61.966319357
100522767;9084374;677.28;60.147003132
108502243;8818751;699.28;60.4116527
107368725;7852636;673.49;60.34013229
99192963;8142914;669.99;59.676027712
96069714;7924577;660.02;59.59464577
179044916;52523798;698.95;59.730114102
110238715;8802741;669.13;60.37559968
105433714;7635805;666.59;59.800496295
107016691;7833654;677.39;60.120826296
105391491;7642323;698.34;59.928624636
210200178;49086668;676.57;60.177665749
139978572;9157943;672.71;60.132840117
132857864;8777448;698.48;60.370904355
142188312;8448246;683.41;60.608089814
138087340;8503383;659.05;59.643178982
140687643;9041162;676.37;60.415171415
141537306;9794841;682.18;60.422331802
151296523;8696597;684.65;62.012028451
144832512;23639783;677.11;60.320701203
111866759;8805369;675.21;60.124489809
106344334;8501825;682.11;60.436597128
105500300;8998012;667.67;60.358753122
101691177;7811872;664.69;60.344417682
110304324;8037282;680.19;59.935914826
98972329;7800573;665.21;59.862752413
111193773;8367078;682.46;60.401049353
100730814;8454975;675.28;60.079901756
177365434;47314370;678.37;59.715467736
