CacheRefs;CacheMisses;Energy(J);time(s)
231701418;23429487;684.12;60.951828481
280000579;54557245;670.7;60.652886504
124277310;11404229;669.3;60.312625015
123691179;8908426;671.97;59.877450987
123244313;8108760;665.78;59.893846132
114505577;7640435;668.53;60.396338155
109525126;7980581;661.29;60.117707244
108938714;7625004;667.49;59.768611186
110085646;7344812;661.04;60.056181475
115828434;7426120;680.16;61.390135861
110724448;5873253;700.94;60.089856589
120171693;5875593;666.57;60.368640222
121131524;5845305;664.9;60.332813152
132469953;6128120;699.97;60.105846884
120402448;5702554;698.02;59.774620087
104921581;5739609;684.36;59.935426668
132534038;7271158;712.34;60.303299352
123864395;6086321;708.49;59.851464629
111021038;5962463;690.8;60.885691612
114333257;7128566;670.6;59.863941357
117696950;6429429;727.75;61.925878376
117327385;6502848;693.16;60.930723569
114555964;5752666;680.32;60.139503847
118784243;5624817;718.78;60.384092947
126643649;5598088;716.88;59.939757843
123293590;5422040;695.27;60.376440837
104043093;5972723;675.9;59.879876387
129549293;5744710;716.28;60.356348938
100273799;5341924;689.37;60.385256122
115697547;5523053;689.67;59.92573948
128759885;6378882;689.73;60.3341299
121343049;6606953;715.43;59.634862005
121045533;6415923;672.9;59.604545109
123679488;5922675;637.56;63.296866245
126001228;5557031;548.11;65.642548516
131906510;5737481;542.79;65.001603943
132359376;5724690;553.85;66.079897444
116723371;5521617;544.13;65.126040371
130907315;5548953;554.8;66.103419898
128799065;5525503;552.01;65.751772532
132392432;5675255;545.03;65.010431497
128378444;5585349;544.4;65.033357167
115622710;5608991;549.53;65.412367187
128422353;5413002;542.89;64.849135147
125199528;5542666;556.49;66.191012396
126320323;6514774;551.53;65.594578346
120745701;5577335;553.45;65.969920334
128429958;6334955;554.89;65.922859239
131955886;5489881;555.28;65.978864629
125706672;5819429;552.89;65.685188259
104997543;5594406;543.3;64.880248803
139451664;5967374;555.26;65.972178479
142690629;5630468;556.24;66.103397165
126700763;5730901;548.36;65.328159445
131445405;5817273;552.81;65.694335693
128946794;5518351;557.59;66.255463576
140454711;6905350;549.71;65.361716873
101482510;5990090;541.13;64.66218751
117023288;6753966;553.34;65.948481898
101874287;5425571;541.41;64.659660763
108202320;5499758;545.49;64.994970101
119106863;5777001;546.28;65.120228556
138620408;5525473;552.15;65.670676403
119091799;5611165;539.28;64.394215264
125363609;5555455;543.34;64.699139633
132494874;5428378;580.46;69.034209669
128745432;5376227;551.89;65.629231373
124792140;5475747;545.46;65.179807623
132514932;5656727;556.26;66.147241812
137109496;5439413;554.97;66.019864152
132601558;5834101;543.11;64.663214299
125235865;5322400;546.43;65.138723255
124138169;6328034;550.02;65.5361379
135460112;5983854;540.19;64.526643033
140330806;5577990;546.59;65.287271919
127347593;5460404;547.59;65.211277843
118681009;5598136;543.23;64.831919332
106789894;5640942;550.28;65.370896672
106152801;5658492;552.88;65.658941158
133370048;5432288;545.35;64.926246238
139191527;5595694;549.26;65.288088025
120342506;5435002;551.09;65.603424646
137338432;6840763;547.53;65.126934433
124341997;5823922;547.55;65.043900402
130608171;6457549;544.24;64.967478323
98968732;5651521;550.82;65.372963943
106029750;5697478;552.03;65.508791854
115024723;5322731;550.25;65.328303585
103398465;5446625;543.99;64.700603029
117028475;5535905;551.55;65.43847657
101425375;5610213;551.85;65.444422458
121597749;5581914;552.9;65.597683823
125376963;5615094;537.04;64.035484497
116300381;5364286;551.5;65.452617422
252416580;28006371;556.62;66.580110104
138255701;7591046;551.86;65.572332481
131645484;5581337;554.65;65.86733329
136110753;6388040;555.83;66.027735891
144928942;6636519;547.44;65.160330885
130852643;6534827;548.15;65.217477891
