CacheRefs;CacheMisses;Energy(J);time(s)
116468117;14148000;61.6;4.755902142
27670693;4610797;53.74;4.83782259
15882443;3120702;52.79;4.728845492
15129264;2422058;50.03;4.67328063
15495128;3159281;52.56;4.719058935
16877471;2880823;50.86;4.65346383
17783683;3999957;51.4;4.67631717
12784656;2203029;50.76;4.636693825
15411547;3132217;52.13;4.674440638
14337537;2365869;52.32;4.682378665
13778669;2468277;51.35;4.651881868
16451553;3368633;52.41;4.669662287
14212673;2673557;52.04;4.681990738
14953069;2965159;49.86;4.650904889
15126848;2555028;50.93;4.756830136
15142400;3120120;49.49;4.622269468
15611421;2562813;52.39;4.619499085
15790777;3141818;52.3;4.645022252
13719675;2317775;50.86;4.625073234
14961560;3151306;50.17;4.662054408
14581661;2252627;50.01;4.673811282
14688723;2333657;49.83;4.65316909
13771729;3060885;49.84;4.66660889
13729349;2324852;52.35;4.651495969
14415830;2972234;52.72;4.680727567
16158685;3330019;52.96;4.689198588
15991870;3466043;50.43;4.696267005
16259194;2772198;51.51;4.658684436
15800638;3226647;52.43;4.659074347
14452921;2339917;52.73;4.6797804
17011647;3556132;52.65;4.637286044
21728402;3513219;51.11;4.711811651
12398423;2278822;52.24;4.70791817
16123683;3253191;49.71;4.631361532
13733430;2121215;50.33;4.667715677
15403181;3273634;52.36;4.616471045
19256559;3704841;52.96;4.660947184
14917775;2959697;52.59;4.656311759
14853951;2457520;53.15;4.682778976
15270309;3118336;52.78;4.668208558
14456901;2256370;51.08;4.628628792
15219852;2972577;53.4;4.700238635
13402941;2193314;52.37;4.645287569
15026977;3079391;53.13;4.691553724
14689479;2664112;49.98;4.709597947
13559003;2257152;50.64;4.679108361
15760296;3002204;50.62;4.673517755
17880563;3103092;51.48;4.641327803
15698918;3229759;50.03;4.663989647
15317934;2745355;50.46;4.653680313
13396191;2928788;52.73;4.672907001
12972881;2495182;51.45;4.68981398
15166165;2950885;50.14;4.670966458
14337836;2354927;50.39;4.665870887
13272337;2835191;52.87;4.682798656
14196294;2396959;50.86;4.769134534
13675373;2432776;52.62;4.649313893
18626825;4195761;53.01;4.705835573
25988825;9386038;56.82;4.642160703
14453888;3062938;51.83;4.69684235
14423569;2630526;52.14;4.685497178
13992204;3148723;51.67;4.646101157
32139717;7241447;53.87;4.685986316
19030249;4171003;53.38;4.699146645
13307604;2142758;51.52;4.615898822
16385078;3438171;51.78;4.653329598
15604299;2560151;50.45;4.672011978
95980208;31543880;54.12;4.780657518
33683539;8582173;50.81;4.714252182
38438352;10071260;54.43;4.685786684
74073380;20633992;55.53;4.802508578
36791501;10198279;51.22;4.707121026
13365956;2637420;53.14;4.694397795
11341823;1802375;50.42;4.665100858
12986453;2501662;52.76;4.661008544
14573297;2762192;51.16;4.671336785
12769242;2752108;52.88;4.701466984
11885993;1595910;52.76;4.659173337
13514222;2515754;50.94;4.671978964
11118601;1588585;53.17;4.682061048
11438655;1665927;50.38;4.699372517
13538663;2664439;50.62;4.684745428
12643659;1990206;51.01;4.711842679
12999235;2794138;50.52;4.697884229
11496040;1676781;50.08;4.641507835
11957460;2400767;51;4.710756348
11479721;1748589;51.76;4.793541369
13042207;2381744;49.91;4.649825593
13546858;2317637;50.28;4.679254825
10921485;1888013;52.87;4.683614646
11960407;1853084;51.18;4.698554622
11158620;1677734;52.9;4.639599616
11431315;1580339;53.15;4.703309391
10803665;1782865;52.38;4.644329975
12412794;1907887;53.42;4.669394086
13266659;2128249;50.08;4.664268588
11498539;1828984;52.76;4.701014569
11586575;1716101;50.1;4.661899534
12511636;1725843;53.09;4.689220681
12813167;2115188;50.92;4.698732056
