CacheRefs;CacheMisses;Energy(J);time(s)
342980564;45080624;831.55;74.932661828
206881519;23389188;829.59;75.071328402
204605448;24406246;829.85;74.84347893
231120792;39149112;831.21;75.520077685
285257784;51489145;822;75.089450829
504911975;88912443;838.48;75.494363502
198507803;27364974;844.07;75.601106923
187446940;20710279;843.05;75.480349429
168941623;19172581;839.28;75.719382108
215198878;34462238;840.88;75.193486215
211079251;16598959;829.84;74.784614774
198231154;13988038;832.25;75.294252222
403691402;91019231;831.47;75.745606278
472833460;78923999;855.08;75.765035453
519254702;84848506;855.62;76.182724587
236180278;30743331;824.15;75.312374048
186099967;20321751;822.61;75.553905031
196515400;21894687;835.47;74.769321098
184287643;20466392;864.18;75.341563528
216671848;33091280;846.82;75.082939181
197562039;19659821;860.27;74.964430596
182519772;16105612;830.13;75.527505272
185163174;15298208;861.99;74.803683658
179657109;14449083;825.21;74.937333307
302890765;58244645;872.06;75.663411237
718880835;201637057;868.71;75.662662928
155055626;14149125;847.88;75.073431204
174169039;21136451;864.84;74.987457813
161790237;15869179;824.2;75.198619843
199557145;35035509;836.4;75.864853716
140808763;12547668;840.75;74.979284086
157319703;12980251;826.65;75.285661468
154071364;12863755;863.78;75.412523212
203622945;29738828;825.86;75.332612994
185857924;14257733;835.36;75.525590124
195862956;14182167;828.74;74.936735953
196134449;14364215;845.92;74.964079782
193754197;17832634;849.17;75.553911452
192127538;21071192;836.02;75.609478412
207879300;38251442;838.76;75.571983947
156896294;13760025;828.97;75.249020388
143875701;14573699;866.71;75.207302929
138469653;12953013;827.16;74.959334546
173169410;27102649;830.89;75.242447649
239824851;52209547;829.72;74.822149308
153097748;14131332;906.36;78.933952631
139846924;12951351;835.09;75.530236812
136402776;15662639;843.86;74.687494864
211616415;34643318;829.68;75.351162627
113762812;14767238;871.96;75.572837419
146454840;12830331;847.19;75.433338022
188378713;26021676;890.96;76.891360502
159910876;22855675;830.42;74.696268614
154247152;14122862;827.09;75.055440408
147411325;15240691;850.82;75.579959096
129265396;12822019;866.46;74.897646209
221461525;38311454;874.14;75.707693068
133401866;14140243;848.86;76.54524016
136603596;12954367;889.28;75.545852646
146938577;15737386;870.84;75.320425745
173265620;20239787;856.67;75.205629668
147174247;14930616;838.25;75.763699372
133863798;12861632;880.84;74.755176494
139789328;14077341;852.01;76.301102604
218401877;46067883;836.98;75.440287992
156473816;14489962;830.15;75.452444954
143696639;12743995;889.54;76.085944172
156517905;15004251;828.77;74.665146217
200758558;37645433;885.54;75.39500212
153699767;15037003;831.55;75.379241377
151011855;13369890;826.17;75.546591782
151102782;12923189;822.78;75.234574867
210507235;38433254;862.5;75.330439744
152327299;15024323;861.84;75.268012987
152489371;12622384;860.32;74.957280869
138634652;12562931;827.87;75.528609147
185418220;31714075;824.07;74.948843928
144437422;14741310;858.08;75.32069068
142439093;13074414;869.12;75.773825982
135495845;13096410;862.06;75.315428627
196952007;36453890;845.4;75.397989623
143514960;13758834;825.2;75.566388138
136092075;12263591;819.11;75.283090314
144277423;12497054;826.18;75.336388467
194232806;32652128;864.34;75.057807859
155003565;14070796;865.5;75.546913271
136214394;12469468;824.14;75.405004064
137158671;12762887;825.41;74.951650915
204181849;33010422;877.38;75.89074809
154880093;14891345;837.54;75.007317504
148006527;12599313;826.2;75.544880402
146120224;12250991;835.42;74.945691904
196043700;32618308;827.37;75.603594496
149567321;16292631;826.84;75.545457844
137821938;12374679;857.71;74.942614857
113045857;12569823;821.76;75.456461761
177397031;37683974;860.86;74.750002568
144971176;14351814;861.55;75.040838639
148413269;11993998;820.96;75.26848928
144772132;13442275;858.42;74.848075321
